  0.000000 	   0.000000000000000 	-10000.000000000000000 	   4.000000000000000 	   0.000000000000000 	 -92.000000000000000 
 30.208863 	 120.817067994724496 	-9995.436595406485139 	   3.998173938185659 	   0.302158495189864 	 -92.000000000000185 
 60.417726 	 241.523699229863837 	-9981.740044406962625 	   3.992684797439781 	   0.604736815335714 	 -92.000000000000142 
 90.626589 	 362.008793288779827 	-9958.891287278196614 	   3.983499536635368 	   0.908157972458403 	 -91.999999999999872 
120.835452 	 482.159911800188979 	-9926.858396719040684 	   3.970562497774404 	   1.212851410825745 	 -91.999999999999659 
151.044315 	 601.862582531156704 	-9885.596333113839137 	   3.953794502666194 	   1.519256370302938 	 -91.999999999999773 
181.253178 	 720.999570227927848 	-9835.046595608919233 	   3.933091548994376 	   1.827825431890150 	 -92.000000000000099 
211.462041 	 839.450101509228944 	-9775.136762456208089 	   3.908323064082512 	   2.139028315683122 	 -92.000000000000156 
241.670904 	 957.089029628286198 	-9705.779911830622950 	   3.879329659112053 	   2.453356010290026 	 -92.000000000000270 
271.879767 	1073.785922917849120 	-9626.873911769782353 	   3.845920307872758 	   2.771325324611843 	 -92.000000000000000 
302.088630 	1189.404058105089234 	-9538.300564911793117 	   3.807868851162685 	   3.093483968523371 	 -91.999999999999986 
332.297493 	1303.799296277484927 	-9439.924590196380450 	   3.764909699165769 	   3.420416289308131 	 -92.000000000000142 
362.506356 	1416.818814893519175 	-9331.592419481226898 	   3.716732567457531 	   3.752749816972006 	 -91.999999999999972 
392.715219 	1528.299663582951553 	-9213.130781909512734 	   3.662976034917689 	   4.091162805496098 	 -92.000000000000028 
422.924082 	1638.067104192293300 	-9084.345042579465371 	   3.603219649886321 	   4.436393001014065 	 -92.000000000000085 
453.132945 	1745.932686085357545 	-8945.017254263611903 	   3.536974228966625 	   4.789247924990596 	 -92.000000000000199 
483.341808 	1851.691995392837043 	-8794.903871147580503 	   3.463669883272807 	   5.150617035098819 	 -92.000000000000171 
513.550671 	1955.122000726406441 	-8633.733061186350824 	   3.382641158629187 	   5.521486224697226 	 -91.999999999999972 
543.759534 	2055.977896437025265 	-8461.201537879507669 	   3.293108473232624 	   5.902955252054061 	 -91.999999999999716 
573.968397 	2153.989315817931129 	-8276.970811906372546 	   3.194154754990548 	   6.296258864720184 	 -91.999999999999602 
604.177260 	2248.855747868115486 	-8080.662736566003332 	   3.084695785833656 	   6.702792619785135 	 -91.999999999999588 
634.386123 	2340.240938156356151 	-7871.854186141237733 	   2.963442198116855 	   7.124144721825357 	 -91.999999999999673 
664.594986 	2427.765980745885827 	-7650.070660050594597 	   2.828850255811416 	   7.562135643197401 	 -91.999999999999517 
694.803849 	2511.000704674742792 	-7414.778543536820507 	   2.679057359919731 	   8.018867909227048 	 -91.999999999999503 
725.012712 	2589.452810716335534 	-7165.375671255001180 	   2.511796433501307 	   8.496789303589640 	 -91.999999999999318 
755.221575 	2662.553999452082280 	-6901.179724068069845 	   2.324280622081727 	   8.998773997738951 	 -91.999999999999361 
785.430438 	2729.642013821479395 	-6621.413827680225040 	   2.113045509810613 	   9.528227918213483 	 -91.999999999999460 
815.639302 	2789.937038745743394 	-6325.188493451440991 	   1.873729297817493 	  10.089227324734285 	 -91.999999999999631 
845.848165 	2842.510156751607610 	-6011.478714910230337 	   1.600760333986103 	  10.686703529420056 	 -91.999999999999758 
876.057028 	2886.240377304247431 	-5679.094559073154414 	   1.286902739653757 	  11.326692644952102 	 -92.000000000000043 
906.265891 	2919.754825373370750 	-5326.642894075533150 	   0.922578381954064 	  12.016678288407265 	 -92.000000000000014 
936.474754 	2941.343406835523638 	-4952.476858105765132 	   0.494824620171279 	  12.766068876050936 	 -92.000000000000156 
966.683617 	2948.833525668670518 	-4554.628128260448648 	  -0.014363912662870 	  13.586871531366285 	 -91.999999999999645 
996.892480 	2939.399879687987777 	-4130.714766155351754 	  -0.630782095256585 	  14.494652874390537 	 -91.999999999999886 
1027.101343 	2909.263956494523427 	-3677.814217324604670 	  -1.392787474058975 	  15.509907058476468 	 -92.000000000000156 
1057.310206 	2853.195880407082313 	-3192.287326401070004 	  -2.360087558089732 	  16.659941901396728 	 -92.000000000000483 
1087.519069 	2763.638325670525774 	-2669.538506730923018 	  -3.631103415082868 	  17.981140993342144 	 -91.999999999999972 
1117.727932 	2629.047070635646833 	-2103.717874358090285 	  -5.380449828212167 	  19.519980851194422 	 -92.000000000000057 
1147.936795 	2430.433495218052940 	-1487.507159794350400 	  -7.949429547021594 	  21.323287993455434 	 -92.000000000000966 
1178.145658 	2133.208432242321578 	-812.920106511695394 	 -12.097541695946955 	  23.361212214792953 	 -92.000000000000171 
1208.354521 	1664.749230957137343 	 -79.331398728817661 	 -19.810008818919165 	  24.971662359341355 	 -92.000000000001023 
1238.563384 	 849.955534225051338 	 638.913154810883043 	 -36.021757113830446 	  19.983663658425794 	 -91.999999999998522 
1268.772247 	-452.020224209733612 	 805.334955482089072 	 -42.800722878579869 	 -12.236359016120245 	 -91.999999999997499 
1298.981110 	-1445.326762787086864 	 171.994629125952770 	 -23.954169231830349 	 -24.824844091146488 	 -91.999999999997840 
1329.189973 	-2001.637798033034642 	-574.272179951335261 	 -14.105607529756922 	 -24.030550398737780 	 -91.999999999997328 
1359.398836 	-2344.764022020152879 	-1269.482615289457726 	  -9.097255755039551 	 -21.984646447898140 	 -91.999999999995794 
1389.607699 	-2571.221752183997069 	-1904.314576958526686 	  -6.120795198486542 	 -20.090028981428500 	 -91.999999999994742 
1419.816562 	-2724.514141555986498 	-2486.048201715808773 	  -4.149002571572268 	 -18.467373545448702 	 -91.999999999993861 
1450.025425 	-2827.530123172571621 	-3022.433548611740662 	  -2.743492769019907 	 -17.079225501327194 	 -91.999999999993889 
1480.234288 	-2893.769887468199158 	-3519.801654144166150 	  -1.688584348976018 	 -15.876688116650703 	 -91.999999999993904 
1510.443151 	-2931.876950579694949 	-3983.131676724687168 	  -0.866214635816374 	 -14.819942203294682 	 -91.999999999993875 
1540.652014 	-2947.732681129016328 	-4416.351496135902380 	  -0.206347950596368 	 -13.878906096963822 	 -91.999999999994230 
1570.860877 	-2945.530409577074352 	-4822.600095762309138 	   0.335222445833194 	 -13.031050732263356 	 -91.999999999994188 
1601.069740 	-2928.372405357801654 	-5204.423413781083582 	   0.787806484319305 	 -12.259342910688943 	 -91.999999999993719 
1631.278603 	-2898.623461713059896 	-5563.915934898221167 	   1.171626586750612 	 -11.550713159701342 	 -91.999999999993690 
1661.487466 	-2858.131366582649662 	-5902.823118115721627 	   1.501101038663830 	 -10.894973705697716 	 -91.999999999993562 
1691.696329 	-2808.370317867229005 	-6222.616327944007935 	   1.786796580584629 	 -10.284060559674790 	 -91.999999999993847 
1721.905192 	-2750.537581502570902 	-6524.548454585937179 	   2.036640180708793 	  -9.711498812467337 	 -91.999999999993889 
1752.114055 	-2685.620628624560595 	-6809.695831418312082 	   2.256698801897541 	  -9.172020542814851 	 -91.999999999993861 
1782.322918 	-2614.444992066054510 	-7078.990293345534155 	   2.451697049856205 	  -8.661287749622755 	 -91.999999999993946 
1812.531781 	-2537.709156688059466 	-7333.244035192266892 	   2.625370235719759 	  -8.175688425152075 	 -91.999999999994003 
1842.740644 	-2456.010504985888474 	-7573.169134022787148 	   2.780710957935066 	  -7.712184277825933 	 -91.999999999993918 
1872.949507 	-2369.864952425844876 	-7799.393060533391690 	   2.920144958360019 	  -7.268195454928405 	 -91.999999999993889 
1903.158370 	-2279.722041922587323 	-8012.471135172395407 	   3.045658892179090 	  -6.841512145788109 	 -91.999999999993818 
1933.367233 	-2185.976712516840053 	-8212.896627748075844 	   3.158894715511335 	  -6.430225977742565 	 -91.999999999993889 
1963.576096 	-2088.978593376806202 	-8401.109018178360202 	   3.261220459965317 	  -6.032676171729801 	 -91.999999999994088 
1993.784959 	-1989.039430087078017 	-8577.500806609232313 	   3.353784018838910 	  -5.647406835330905 	 -91.999999999993889 
2023.993822 	-1886.439083155312119 	-8742.423167416562137 	   3.437554521035583 	  -5.273132753061347 	 -91.999999999993946 
2054.202685 	-1781.430422359418799 	-8896.190672902619553 	   3.513354507100283 	  -4.908711726025540 	 -91.999999999994202 
2084.411548 	-1674.243358259479919 	-9039.085261530035496 	   3.581885200023388 	  -4.553122007245676 	 -91.999999999994486 
2114.620411 	-1565.088193106216067 	-9171.359587300192288 	   3.643746528965571 	  -4.205443735932121 	 -91.999999999994728 
2144.829274 	-1454.158430376804745 	-9293.239857892147484 	   3.699453120515082 	  -3.864843534668708 	 -91.999999999994714 
2175.038137 	-1341.633150493442827 	-9404.928246973144269 	   3.749447157578988 	  -3.530561625888696 	 -91.999999999994643 
2205.247000 	-1227.679036686559130 	-9506.604948918806258 	   3.794108780010811 	  -3.201900967391497 	 -91.999999999994685 
2235.455863 	-1112.452117213313386 	-9598.429930773134402 	   3.833764536640388 	  -2.878218014448089 	 -91.999999999994813 
2265.664726 	-996.099276665595426 	-9680.544425713396777 	   3.868694277300574 	  -2.558914797750939 	 -91.999999999994856 
2295.873589 	-878.759578790239857 	-9753.072203881716632 	   3.899136783279865 	  -2.243432068842231 	 -91.999999999994785 
2326.082452 	-760.565435302017363 	-9816.120649697420959 	   3.925294366720355 	  -1.931243312565281 	 -91.999999999994657 
2356.291315 	-641.643649022294767 	-9869.781669291125581 	   3.947336617746974 	  -1.621849463054519 	 -91.999999999994941 
2386.500178 	-522.116354903221008 	-9914.132447213392879 	   3.965403438228989 	  -1.314774188388688 	 -91.999999999994884 
2416.709041 	-402.101878790625108 	-9949.236067844518402 	   3.979607469916200 	  -1.009559631173587 	 -91.999999999995168 
2446.917905 	-281.715530911220810 	-9975.142013797129039 	   3.990035999980475 	  -0.705762509395249 	 -91.999999999995111 
2477.126768 	-161.070348873077052 	-9991.886550917475688 	   3.996752407035389 	  -0.402950494922481 	 -91.999999999995424 
2507.335631 	 -40.277803319270390 	-9999.493007152661448 	   3.999797194223602 	  -0.100698796798662 	 -91.999999999995268 
2537.544494 	  80.551521816053750 	-9997.971950460081644 	   3.999188641963687 	   0.201413116504879 	 -91.999999999995225 
2567.753357 	 201.307263295445097 	-9987.321269025602305 	   3.994923100643881 	   0.503804717013518 	 -91.999999999995282 
2597.962220 	 321.878616096651740 	-9967.526155252251556 	   3.986974932282132 	   0.806897597896000 	 -91.999999999995282 
2628.171083 	 442.153663857581648 	-9938.558993228247346 	   3.975296099358544 	   1.111118692737805 	 -91.999999999995239 
2658.379946 	 562.018691425360885 	-9900.379147619234573 	   3.959815388122998 	   1.416903592628455 	 -91.999999999995367 
2688.588809 	 681.357468131583573 	-9852.932650097356600 	   3.940437242134430 	   1.724700023522604 	 -91.999999999995154 
2718.797672 	 800.050489494216208 	-9796.151777456225318 	   3.917040168998199 	   2.034971551770392 	 -91.999999999994941 
2749.006535 	 917.974163711211986 	-9729.954513398062772 	   3.889474668537687 	   2.348201593604091 	 -91.999999999995083 
2779.215398 	1034.999927490890059 	-9654.243883534305496 	   3.857560613116970 	   2.664897815151575 	 -91.999999999994799 
2809.424261 	1150.993273359381874 	-9568.907150319480934 	   3.821083989448503 	   2.985597023834028 	 -91.999999999994969 
2839.633124 	1265.812667459490285 	-9473.814851323430048 	   3.779792884572041 	   3.310870670638749 	 -91.999999999994841 
2869.841987 	1379.308332821887689 	-9368.819660286628277 	   3.733392564912407 	   3.641331106878173 	 -91.999999999994856 
2900.050850 	1491.320867897339213 	-9253.755045616333518 	   3.681539453886551 	   3.977638770203268 	 -91.999999999994742 
2930.259713 	1601.679663446089080 	-9128.433695117862953 	   3.623833756959238 	   4.320510514929579 	 -91.999999999994643 
2960.468576 	1710.201072221780350 	-8992.645668504539572 	   3.559810408500444 	   4.670729354019067 	 -91.999999999994444 
2990.677439 	1816.686274622436940 	-8846.156230168899128 	   3.488927915448680 	   5.029155948262089 	 -91.999999999994230 
3020.886302 	1920.918768722054665 	-8688.703303271486220 	   3.410554538878086 	   5.396742267742616 	 -91.999999999994415 
3051.095165 	2022.661393599730218 	-8519.994471657542817 	   3.323951071987882 	   5.774547969107181 	 -91.999999999994998 
3081.304028 	2121.652768886001468 	-8339.703437422745992 	   3.228249221073427 	   6.163760190138372 	 -91.999999999994955 
3111.512891 	2217.602998417991785 	-8147.465817706468442 	   3.122424243877424 	   6.565717675804668 	 -91.999999999994827 
3141.721754 	2310.188438155038057 	-7942.874132535278477 	   3.005260000773464 	   6.981940439107481 	 -91.999999999994898 
3171.930617 	2399.045262616984019 	-7725.471793508569135 	   2.875303856901230 	   7.414166557382970 	 -91.999999999994799 
3202.139480 	2483.761471908287604 	-7494.745846888207780 	   2.730807825612281 	   7.864398256944878 	 -91.999999999994500 
3232.348343 	2563.866850412523036 	-7250.118148562851275 	   2.569650786600461 	   8.334960215722834 	 -91.999999999994685 
3262.557206 	2638.820199064761255 	-6990.934544143872699 	   2.389234254402533 	   8.828574120018519 	 -91.999999999994728 
3292.766069 	2707.992884834764936 	-6716.451482900323754 	   2.186340528132090 	   9.348455108384325 	 -91.999999999994799 
3322.974932 	2770.647333368757245 	-6425.819291063171477 	   1.956936288391306 	   9.898438071267590 	 -91.999999999994969 
3353.183795 	2825.908449560765348 	-6118.061040494497320 	   1.695895354685856 	  10.483145236479638 	 -91.999999999995296 
3383.392658 	2872.724941561305968 	-5792.045530354444963 	   1.396598707216335 	  11.108211662904695 	 -91.999999999994955 
3413.601521 	2909.815889588094706 	-5446.452286748125516 	   1.050342980844961 	  11.780593127134003 	 -91.999999999994927 
3443.810384 	2935.595169007901859 	-5079.725577782247456 	   0.645440591081535 	  12.508992829877835 	 -91.999999999994969 
3474.019247 	2948.061600163560797 	-4690.013087866101159 	   0.165805203238542 	  13.304461285543846 	 -91.999999999995154 
3504.228110 	2944.634130310248565 	-4275.082885121742038 	  -0.411358375129403 	  14.181249452802794 	 -91.999999999995680 
3534.436973 	2921.895079413824078 	-3832.209427289300947 	  -1.119501144190848 	  15.158026429721790 	 -91.999999999995680 
3564.645836 	2875.171726273979857 	-3358.015668382850890 	  -2.009848673564319 	  16.259586483027356 	 -91.999999999995907 
3594.854699 	2797.815855020659001 	-2848.255757170954439 	  -3.165116435104224 	  17.519044729281973 	 -91.999999999996334 
3625.063562 	2679.875110233070245 	-2297.532089366913169 	  -4.728189572959406 	  18.979678222415263 	 -91.999999999997129 
3655.272425 	2505.418778855007986 	-1699.015756967533662 	  -6.968627952598349 	  20.691075333760857 	 -91.999999999997016 
3685.481288 	2246.507335950551806 	-1044.675497070768643 	 -10.458487021424926 	  22.668844349073190 	 -91.999999999998749 
3715.690151 	1847.460324722722817 	-329.250099843998441 	 -16.613671683858460 	  24.612194617770154 	 -92.000000000000227 
3745.899014 	1178.141845793902121 	 416.963480578670271 	 -29.340933285360723 	  23.567537672170300 	 -92.000000000001705 
3776.107877 	   0.000000097454916 	 869.565217391239571 	 -46.000000000001876 	   0.000000002800690 	 -91.999999999999318 
3806.316740 	-1178.141845669551685 	 416.963480678458495 	 -29.340933287917032 	 -23.567537671267836 	 -92.000000000004093 
3836.525603 	-1847.460324652257668 	-329.250099739864481 	 -16.613671685040821 	 -24.612194617983118 	 -92.000000000003183 
3866.734466 	-2246.507335906086610 	-1044.675496974903581 	 -10.458487022048658 	 -22.668844349365443 	 -92.000000000004434 
3896.943329 	-2505.418778825251138 	-1699.015756880072331 	  -6.968627952978845 	 -20.691075334021129 	 -92.000000000004519 
3927.152192 	-2679.875110212746677 	-2297.532089286728933 	  -4.728189573215412 	 -18.979678222637013 	 -92.000000000004661 
3957.361055 	-2797.815855006889706 	-2848.255757096960224 	  -3.165116435288459 	 -17.519044729471791 	 -92.000000000004690 
3987.569918 	-2875.171726265039069 	-3358.015668314212235 	  -2.009848673703368 	 -16.259586483192027 	 -92.000000000004377 
4017.778781 	-2921.895079408592210 	-3832.209427225321178 	  -1.119501144299616 	 -15.158026429866750 	 -92.000000000004050 
4047.987645 	-2944.634130307968917 	-4275.082885061899105 	  -0.411358375216811 	 -14.181249452932015 	 -92.000000000004093 
4078.196508 	-2948.061600163669482 	-4690.013087809955323 	   0.165805203166766 	 -13.304461285660345 	 -92.000000000004221 
4108.405371 	-2935.595169009988695 	-5079.725577729471297 	   0.645440591021586 	 -12.508992829983892 	 -92.000000000004178 
4138.614234 	-2909.815889591834548 	-5446.452286698425269 	   1.050342980794184 	 -11.780593127231413 	 -92.000000000004093 
4168.823097 	-2872.724941566469170 	-5792.045530307595072 	   1.396598707172815 	 -11.108211662994833 	 -92.000000000003666 
4199.031960 	-2825.908449567156822 	-6118.061040450274959 	   1.695895354648188 	 -10.483145236563592 	 -92.000000000004036 
4229.240823 	-2770.647333376206461 	-6425.819291021395657 	   1.956936288358446 	  -9.898438071346238 	 -92.000000000003979 
4259.449686 	-2707.992884843143656 	-6716.451482860856231 	   2.186340528103226 	  -9.348455108458394 	 -92.000000000003695 
4289.658549 	-2638.820199073954427 	-6990.934544106579779 	   2.389234254377038 	  -8.828574120088588 	 -92.000000000003737 
4319.867412 	-2563.866850422452899 	-7250.118148527606536 	   2.569650786577812 	  -8.334960215789406 	 -92.000000000003865 
4350.076275 	-2483.761471918860479 	-7494.745846854925730 	   2.730807825592096 	  -7.864398257008336 	 -92.000000000004007 
4380.285138 	-2399.045262628139426 	-7725.471793477157007 	   2.875303856883178 	  -7.414166557443711 	 -92.000000000004221 
4410.494001 	-2310.188438166706874 	-7942.874132505665330 	   3.005260000757281 	  -6.981940439165809 	 -92.000000000004221 
4440.702864 	-2217.602998430127172 	-8147.465817678593339 	   3.122424243862889 	  -6.565717675860808 	 -92.000000000004150 
4470.911727 	-2121.652768898548402 	-8339.703437396521622 	   3.228249221060352 	  -6.163760190192576 	 -92.000000000004491 
4501.120590 	-2022.661393612650727 	-8519.994471632962814 	   3.323951071976108 	  -5.774547969159630 	 -92.000000000004235 
4531.329453 	-1920.918768735309413 	-8688.703303248443262 	   3.410554538867470 	  -5.396742267793500 	 -92.000000000004022 
4561.538316 	-1816.686274635990230 	-8846.156230147362294 	   3.488927915439131 	  -5.029155948311564 	 -92.000000000003993 
4591.747179 	-1710.201072235603533 	-8992.645668484496127 	   3.559810408491851 	  -4.670729354067285 	 -92.000000000003979 
4621.956042 	-1601.679663460158736 	-9128.433695099247416 	   3.623833756951525 	  -4.320510514976661 	 -92.000000000004334 
4652.164905 	-1491.320867911630558 	-9253.755045599129517 	   3.681539453879644 	  -3.977638770249333 	 -92.000000000004363 
4682.373768 	-1379.308332836374348 	-9368.819660270797613 	   3.733392564906250 	  -3.641331106923317 	 -92.000000000004576 
4712.582631 	-1265.812667474147702 	-9473.814851308938159 	   3.779792884566596 	  -3.310870670683068 	 -92.000000000004690 
4742.791494 	-1150.993273374196178 	-9568.907150306329640 	   3.821083989443701 	  -2.985597023877623 	 -92.000000000004661 
4773.000357 	-1034.999927505836013 	-9654.243883522443866 	   3.857560613112791 	  -2.664897815194497 	 -92.000000000004761 
4803.209220 	-917.974163726273105 	-9729.954513387510815 	   3.889474668534098 	  -2.348201593646442 	 -92.000000000004775 
4833.418083 	-800.050489509378735 	-9796.151777446921187 	   3.917040168995158 	  -2.034971551812242 	 -92.000000000004889 
4863.626946 	-681.357468146830115 	-9852.932650089354865 	   3.940437242131922 	  -1.724700023564021 	 -92.000000000004675 
4893.835809 	-562.018691440673251 	-9900.379147612500674 	   3.959815388121009 	  -1.416903592669499 	 -92.000000000004633 
4924.044672 	-442.153663872946538 	-9938.558993222746722 	   3.975296099357047 	  -1.111118692778547 	 -92.000000000004533 
4954.253535 	-321.878616112056875 	-9967.526155247960560 	   3.986974932281124 	  -0.806897597936503 	 -92.000000000004746 
4984.462398 	-201.307263310871235 	-9987.321269022562774 	   3.994923100643351 	  -0.503804717053831 	 -92.000000000004434 
5014.671261 	 -80.551521831489083 	-9997.971950458262654 	   3.999188641963626 	  -0.201413116545066 	 -92.000000000004334 
5044.880124 	  40.277803303838482 	-9999.493007152057544 	   3.999797194224005 	   0.100698796758540 	 -92.000000000004349 
5075.088987 	 161.070348857663930 	-9991.886550918101420 	   3.996752407036257 	   0.402950494882373 	 -92.000000000004320 
5105.297850 	 281.715530895842846 	-9975.142013798937114 	   3.990035999981809 	   0.705762509355103 	 -92.000000000004334 
5135.506713 	 402.101878775294495 	-9949.236067847567028 	   3.979607469918008 	   1.009559631133343 	 -92.000000000004121 
5165.715576 	 522.116354887951161 	-9914.132447217616573 	   3.965403438231277 	   1.314774188348284 	 -92.000000000004263 
5195.924439 	 641.643649007102113 	-9869.781669296558903 	   3.947336617749759 	   1.621849463013905 	 -92.000000000004462 
5226.133302 	 760.565435286914976 	-9816.120649704082098 	   3.925294366723651 	   1.931243312524390 	 -92.000000000004235 
5256.342165 	 878.759578775242630 	-9753.072203889660159 	   3.899136783283687 	   2.243432068800998 	 -92.000000000003922 
5286.551028 	 996.099276650724619 	-9680.544425722595406 	   3.868694277304933 	   2.558914797709288 	 -92.000000000004036 
5316.759891 	1112.452117198584347 	-9598.429930783586315 	   3.833764536645333 	   2.878218014405964 	 -92.000000000004064 
5346.968754 	1227.679036671991753 	-9506.604948930540559 	   3.794108780016367 	   3.201900967348820 	 -92.000000000003908 
5377.177617 	1341.633150479049164 	-9404.928246986199156 	   3.749447157585187 	   3.530561625845379 	 -92.000000000003666 
5407.386480 	1454.158430362608669 	-9293.239857906539328 	   3.699453120521979 	   3.864843534624661 	 -92.000000000003539 
5437.595343 	1565.088193092241227 	-9171.359587315922909 	   3.643746528973210 	   4.205443735887254 	 -92.000000000003610 
5467.804206 	1674.243358245745640 	-9039.085261547101254 	   3.581885200031833 	   4.553122007199880 	 -92.000000000003823 
5498.013069 	1781.430422345955776 	-8896.190672921035002 	   3.513354507109598 	   4.908711725978721 	 -92.000000000004036 
5528.221932 	1886.439083142150594 	-8742.423167436394579 	   3.437554521045853 	   5.273132753013384 	 -92.000000000003908 
5558.430795 	1989.039430074247093 	-8577.500806630519946 	   3.353784018850223 	   5.647406835281645 	 -92.000000000004050 
5588.639658 	2088.978593364332937 	-8401.109018201197614 	   3.261220459977790 	   6.032676171679114 	 -92.000000000003638 
5618.848521 	2185.976712504763327 	-8212.896627772470310 	   3.158894715525101 	   6.430225977690246 	 -92.000000000003439 
5649.057385 	2279.722041910953976 	-8012.471135198400589 	   3.045658892194302 	   6.841512145733970 	 -92.000000000003325 
5679.266248 	2369.864952414694471 	-7799.393060561072161 	   2.920144958376875 	   7.268195454872204 	 -92.000000000003340 
5709.475111 	2456.010504975283766 	-7573.169134052197478 	   2.780710957953801 	   7.712184277767419 	 -92.000000000003340 
5739.683974 	2537.709156678045474 	-7333.244035223482570 	   2.625370235740652 	   8.175688425090971 	 -92.000000000003212 
5769.892837 	2614.444992056722640 	-7078.990293378638853 	   2.451697049879587 	   8.661287749558655 	 -92.000000000003254 
5800.101700 	2685.620628615982241 	-6809.695831453426763 	   2.256698801923841 	   9.172020542747342 	 -92.000000000002828 
5830.310563 	2750.537581494837923 	-6524.548454623162797 	   2.036640180738535 	   9.711498812395909 	 -92.000000000002700 
5860.519426 	2808.370317860454634 	-6222.616327983430892 	   1.786796580618501 	  10.284060559598869 	 -92.000000000002899 
5890.728289 	2858.131366576963956 	-5902.823118157517456 	   1.501101038702712 	  10.894973705616515 	 -92.000000000002871 
5920.937152 	2898.623461708639297 	-5563.915934942578133 	   1.171626586795655 	  11.550713159613949 	 -92.000000000002800 
5951.146015 	2928.372405354859893 	-5204.423413828186312 	   0.787806484372064 	  12.259342910594219 	 -92.000000000002743 
5981.354878 	2945.530409575860176 	-4822.600095812398649 	   0.335222445895831 	  13.031050732159873 	 -92.000000000002899 
6011.563741 	2947.732681129884440 	-4416.351496189297904 	  -0.206347950520769 	  13.878906096849578 	 -92.000000000003070 
6041.772604 	2931.876950583095095 	-3983.131676781714759 	  -0.866214635723300 	  14.819942203167242 	 -92.000000000003197 
6071.981467 	2893.769887474755251 	-3519.801654205277828 	  -1.688584348858501 	  15.876688116506774 	 -92.000000000003325 
6102.190330 	2827.530123183178603 	-3022.433548677513045 	  -2.743492768866579 	  17.079225501162348 	 -92.000000000003070 
6132.399193 	2724.514141572006793 	-2486.048201786955360 	  -4.149002571363394 	  18.467373545257139 	 -92.000000000002956 
6162.608056 	2571.221752207606642 	-1904.314577035941284 	  -6.120795198184460 	  20.090028981203851 	 -92.000000000003126 
6192.816919 	2344.764022055219357 	-1269.482615374184661 	  -9.097255754563303 	  21.984646447639509 	 -92.000000000002842 
6223.025782 	2001.637798087397414 	-574.272180043979688 	 -14.105607528902928 	  24.030550398492107 	 -92.000000000004832 
6253.234645 	1445.326762879385797 	 171.994629030238229 	 -23.954169230024458 	  24.824844091361147 	 -92.000000000004434 
6283.443508 	 452.020224374619090 	 805.334955434880726 	 -42.800722876370614 	  12.236359020059030 	 -92.000000000002615 
6313.652371 	-849.955534086293142 	 638.913154887731935 	 -36.021757116553673 	 -19.983663656382213 	 -92.000000000000909 
6343.861234 	-1664.749230880789810 	 -79.331398632851617 	 -19.810008820302130 	 -24.971662359409567 	 -92.000000000000455 
6374.070097 	-2133.208432195611749 	-812.920106421991932 	 -12.097541696635400 	 -23.361212215057261 	 -92.000000000002046 
6404.278960 	-2430.433495187271546 	-1487.507159712527255 	  -7.949429547424236 	 -21.323287993703659 	 -92.000000000001194 
6434.487823 	-2629.047070614699351 	-2103.717874283212950 	  -5.380449828475768 	 -19.519980851407073 	 -91.999999999999744 
6464.696686 	-2763.638325656268080 	-2669.538506661993779 	  -3.631103415269048 	 -17.981140993523567 	 -91.999999999999915 
6494.905549 	-2853.195880397687233 	-3192.287326337243940 	  -2.360087558228448 	 -16.659941901553402 	 -92.000000000000512 
6525.114412 	-2909.263956488810891 	-3677.814217265200568 	  -1.392787474166505 	 -15.509907058613797 	 -92.000000000000284 
6555.323275 	-2939.399879685182441 	-4130.714766099863482 	  -0.630782095342448 	 -14.494652874512512 	 -91.999999999999957 
6585.532138 	-2948.833525668218044 	-4554.628128208449198 	  -0.014363912733052 	 -13.586871531475932 	 -91.999999999999872 
6615.741001 	-2941.343406837020666 	-4952.476858056944366 	   0.494824620112831 	 -12.766068876150513 	 -92.000000000000000 
6645.949864 	-2919.754825376493500 	-5326.642894029570016 	   0.922578381904637 	 -12.016678288498555 	 -92.000000000000242 
6676.158727 	-2886.240377308752613 	-5679.094559029828815 	   1.286902739611440 	 -11.326692645036456 	 -92.000000000000469 
6706.367590 	-2842.510156757297409 	-6011.478714869370378 	   1.600760333949495 	 -10.686703529498503 	 -92.000000000000398 
6736.576453 	-2789.937038752470471 	-6325.188493412869320 	   1.873729297785532 	 -10.089227324807711 	 -92.000000000000341 
6766.785316 	-2729.642013829102780 	-6621.413827643790682 	   2.113045509782506 	  -9.528227918282564 	 -92.000000000000682 
6796.994179 	-2662.553999460503746 	-6901.179724033700950 	   2.324280622056866 	  -8.998773997804257 	 -92.000000000000142 
6827.203042 	-2589.452810725471409 	-7165.375671222556775 	   2.511796433479182 	  -8.496789303651656 	 -92.000000000000099 
6857.411905 	-2511.000704684513948 	-7414.778543506202368 	   2.679057359899952 	  -8.018867909286199 	 -92.000000000000242 
6887.620768 	-2427.765980756229510 	-7650.070660021719959 	   2.828850255793658 	  -7.562135643254019 	 -92.000000000000298 
6917.829631 	-2340.240938167205513 	-7871.854186114044751 	   2.963442198100888 	  -7.124144721879738 	 -92.000000000000213 
6948.038494 	-2248.855747879421870 	-8080.662736540442893 	   3.084695785819253 	  -6.702792619837515 	 -91.999999999999829 
6978.247357 	-2153.989315829654515 	-8276.970811882378257 	   3.194154754977530 	  -6.296258864770776 	 -91.999999999999744 
7008.456220 	-2055.977896449127911 	-8461.201537857017684 	   3.293108473220842 	  -5.902955252103065 	 -91.999999999999787 
7038.665083 	-1955.122000738848783 	-8633.733061165356048 	   3.382641158618515 	  -5.521486224744807 	 -91.999999999999574 
7068.873946 	-1851.691995405587022 	-8794.903871128000901 	   3.463669883263136 	  -5.150617035145126 	 -91.999999999999829 
7099.082809 	-1745.932686098385602 	-8945.017254245436561 	   3.536974228957872 	  -4.789247925035766 	 -91.999999999999559 
7129.291672 	-1638.067104205571013 	-9084.345042562639719 	   3.603219649878401 	  -4.436393001058215 	 -91.999999999999432 
7159.500535 	-1528.299663596456639 	-9213.130781894009488 	   3.662976034910537 	  -4.091162805539348 	 -91.999999999999318 
7189.709398 	-1416.818814907229580 	-9331.592419467002401 	   3.716732567451086 	  -3.752749817014432 	 -91.999999999999474 
7219.918261 	-1303.799296291380642 	-9439.924590183438340 	   3.764909699159982 	  -3.420416289349834 	 -91.999999999999517 
7250.127124 	-1189.404058119145475 	-9538.300564900078825 	   3.807868851157527 	  -3.093483968564431 	 -91.999999999999616 
7280.335988 	-1073.785922932051335 	-9626.873911759290422 	   3.845920307868183 	  -2.771325324652349 	 -91.999999999999687 
7310.544851 	-957.089029642663490 	-9705.779911821338828 	   3.879329659108021 	  -2.453356010330175 	 -91.999999999999687 
7340.753714 	-839.450101523829630 	-9775.136762448051741 	   3.908323064078987 	  -2.139028315723137 	 -91.999999999999787 
7370.962577 	-720.999570242739196 	-9835.046595601883382 	   3.933091548991345 	  -1.827825431930095 	 -92.000000000000014 
7401.171440 	-601.862582546162457 	-9885.596333107918326 	   3.953794502663645 	  -1.519256370342861 	 -92.000000000000171 
7431.380303 	-482.159911815362648 	-9926.858396714260380 	   3.970562497772332 	  -1.212851410865670 	 -92.000000000000341 
7461.589166 	-362.008793304063943 	-9958.891287274660499 	   3.983499536633768 	  -0.908157972498275 	 -92.000000000000028 
7491.798029 	-241.523699245247457 	-9981.740044404643413 	   3.992684797438647 	  -0.604736815375601 	 -92.000000000000071 
7522.006892 	-120.817068010192159 	-9995.436595405370099 	   3.998173938184995 	  -0.302158495229815 	 -92.000000000000071 
7552.215755 	  -0.000000015547957 	-10000.000000000092768 	   3.999999999999797 	  -0.000000000040096 	 -91.999999999999886 
7582.424618 	 120.817067979106909 	-9995.436595407823916 	   3.998173938185928 	   0.302158495149557 	 -91.999999999999801 
7612.633481 	 241.523699214204441 	-9981.740044409516486 	   3.992684797440524 	   0.604736815295172 	 -91.999999999999872 
7642.842344 	 362.008793273095876 	-9958.891287281949189 	   3.983499536636602 	   0.908157972417574 	 -92.000000000000000 
7673.051207 	 482.159911784493261 	-9926.858396724031991 	   3.970562497776136 	   1.212851410784567 	 -91.999999999999972 
7703.260070 	 601.862582515420627 	-9885.596333120123745 	   3.953794502668449 	   1.519256370261225 	 -92.000000000000014 
7733.468933 	 720.999570212157550 	-9835.046595616580817 	   3.933091548997192 	   1.827825431847815 	 -91.999999999999687 
7763.677796 	 839.450101493442503 	-9775.136762465208449 	   3.908323064085914 	   2.139028315640099 	 -91.999999999999758 
7793.886659 	 957.089029612496915 	-9705.779911841020294 	   3.879329659116074 	   2.453356010246221 	 -91.999999999999631 
7824.095522 	1073.785922902142602 	-9626.873911781507559 	   3.845920307877408 	   2.771325324567357 	 -91.999999999999773 
7854.304385 	1189.404058089537330 	-9538.300564924873470 	   3.807868851167985 	   3.093483968478246 	 -91.999999999999773 
7884.513248 	1303.799296262104917 	-9439.924590210839597 	   3.764909699171754 	   3.420416289262289 	 -91.999999999999858 
7914.722111 	1416.818814878326521 	-9331.592419497075753 	   3.716732567464254 	   3.752749816925355 	 -91.999999999999744 
7944.930974 	1528.299663567975358 	-9213.130781926773125 	   3.662976034925209 	   4.091162805448543 	 -91.999999999999929 
7975.139837 	1638.067104177557667 	-9084.345042598171858 	   3.603219649894692 	   4.436393000965502 	 -92.000000000000014 
8005.348700 	1745.932686070882937 	-8945.017254283817238 	   3.536974228975931 	   4.789247924940879 	 -92.000000000000028 
8035.557563 	1851.691995378662114 	-8794.903871169302874 	   3.463669883283119 	   5.150617035047841 	 -92.000000000000043 
8065.766426 	1955.122000712559611 	-8633.733061209602965 	   3.382641158640606 	   5.521486224644843 	 -92.000000000000199 
8095.975289 	2055.977896423544280 	-8461.201537904336874 	   3.293108473245276 	   5.902955252000115 	 -92.000000000000256 
8126.184152 	2153.989315804853959 	-8276.970811932857032 	   3.194154755004566 	   6.296258864664478 	 -92.000000000000199 
8156.393015 	2248.855747855487152 	-8080.662736594174930 	   3.084695785849193 	   6.702792619727472 	 -92.000000000000526 
8186.601878 	2340.240938144227584 	-7871.854186171191031 	   2.963442198134119 	   7.124144721765497 	 -92.000000000000483 
8216.810741 	2427.765980736415713 	-7650.070660076748936 	   2.828850255827125 	   7.562135643146096 	 -92.000000000000540 
8247.019604 	2511.000704668218077 	-7414.778543557257763 	   2.679057359932536 	   8.018867909187501 	 -92.000000000000597 
8277.228467 	2589.452810712505197 	-7165.375671268924634 	   2.511796433510361 	   8.496789303562892 	 -92.000000000000696 
8307.437330 	2662.553999450655283 	-6901.179724074636397 	   2.324280622085980 	   8.998773997726291 	 -92.000000000000796 
8337.646193 	2729.642013822111949 	-6621.413827678495181 	   2.113045509808709 	   9.528227918216531 	 -92.000000000000938 
8367.855056 	2789.937038748023497 	-6325.188493440431557 	   1.873729297807714 	  10.089227324754933 	 -92.000000000001137 
8398.063919 	2842.510156755028675 	-6011.478714888859031 	   1.600760333966203 	  10.686703529460685 	 -92.000000000001307 
8428.272782 	2886.240377308181451 	-5679.094559040213426 	   1.286902739620700 	  11.326692645015777 	 -92.000000000001066 
8458.481645 	2919.754825377054203 	-5326.642894029651870 	   0.922578381903733 	  12.016678288497769 	 -92.000000000001307 
8488.690508 	2941.343406837999282 	-4952.476858045424706 	   0.494824620097915 	  12.766068876173211 	 -92.000000000001080 
8518.899371 	2948.833525668699622 	-4554.628128183855551 	  -0.014363912767541 	  13.586871531526720 	 -92.000000000001705 
8549.108234 	2939.399879683946892 	-4130.714766060467809 	  -0.630782095404873 	  14.494652874597758 	 -92.000000000001677 
8579.317097 	2909.263956484204755 	-3677.814217208967875 	  -1.392787474269945 	  15.509907058742096 	 -92.000000000001862 
8609.525960 	2853.195880387389479 	-3192.287326261740418 	  -2.360087558394376 	  16.659941901736634 	 -92.000000000001563 
8639.734823 	2763.638325636873560 	-2669.538506564181716 	  -3.631103415535223 	  17.981140993778343 	 -91.999999999999829 
8669.943686 	2629.047070580864784 	-2103.717874159325675 	  -5.380449828914037 	  19.519980851755456 	 -91.999999999998522 
8700.152549 	2430.433495129861967 	-1487.507159557830619 	  -7.949429548187409 	  21.323287994168510 	 -91.999999999998352 
8730.361412 	2133.208432097095283 	-812.920106231320574 	 -12.097541698099688 	  23.361212215613058 	 -91.999999999997044 
8760.570275 	1664.749230701297392 	 -79.331398406390051 	 -19.810008823563400 	  24.971662359562764 	 -91.999999999996135 
8790.779138 	 849.955533727059446 	 638.913155087084306 	 -36.021757123605056 	  19.983663651079432 	 -91.999999999996476 
8820.988001 	-452.020224840347851 	 805.334955301720925 	 -42.800722870125874 	 -12.236359031186705 	 -91.999999999995907 
8851.196864 	-1445.326763161806412 	 171.994628737455145 	 -23.954169224496905 	 -24.824844092020879 	 -91.999999999990905 
8881.405728 	-2001.637798266483287 	-574.272180349306268 	 -14.105607526086491 	 -24.030550397685861 	 -91.999999999991815 
8911.614591 	-2344.764022178940650 	-1269.482615673581904 	  -9.097255752878645 	 -21.984646446729055 	 -91.999999999991189 
8941.823454 	-2571.221752296342856 	-1904.314577327848156 	  -6.120795197043702 	 -20.090028980360550 	 -91.999999999991900 
8972.032317 	-2724.514141635849228 	-2486.048202072123331 	  -4.149002570524680 	 -18.467373544493256 	 -91.999999999992951 
9002.241180 	-2827.530123227805689 	-3022.433548956809318 	  -2.743492768214240 	 -17.079225500466350 	 -91.999999999993548 
9032.450043 	-2893.769887503650352 	-3519.801654479366334 	  -1.688584348330352 	 -15.876688115865553 	 -91.999999999994742 
9062.658906 	-2931.876950598574240 	-3983.131677051060251 	  -0.866214635282774 	 -14.819942202569887 	 -91.999999999994614 
9092.867769 	-2947.732681133558344 	-4416.351496454179141 	  -0.206347950144907 	 -13.878906096287521 	 -91.999999999994628 
9123.076632 	-2945.530409568889354 	-4822.600096073003442 	   0.335222446222255 	 -13.031050731626417 	 -91.999999999994216 
9153.285495 	-2928.372405338109729 	-5204.423414084530123 	   0.787806484659546 	 -12.259342910084222 	 -91.999999999994145 
9183.494358 	-2898.623461682795551 	-5563.915935194635495 	   1.171626587051726 	 -11.550713159123237 	 -91.999999999994699 
9213.703221 	-2858.131366542567775 	-5902.823118405210153 	   1.501101038932922 	 -10.894973705141778 	 -91.999999999995012 
9243.912084 	-2808.370317817945306 	-6222.616328226609767 	   1.786796580827023 	 -10.284060559137464 	 -91.999999999994998 
9274.120947 	-2750.537581444574244 	-6524.548454861648679 	   2.036640180928607 	  -9.711498811945612 	 -91.999999999994827 
9304.329810 	-2685.620628558267526 	-6809.695831687062309 	   2.256698802097982 	  -9.172020542306253 	 -91.999999999994571 
9334.538673 	-2614.444991991821553 	-7078.990293607211242 	   2.451697050039817 	  -8.661287749125185 	 -91.999999999994500 
9364.747536 	-2537.709156606191300 	-7333.244035446703492 	   2.625370235888583 	  -8.175688424663747 	 -91.999999999994770 
9394.956399 	-2456.010504896662042 	-7573.169134269818642 	   2.780710958090758 	  -7.712184277345265 	 -91.999999999994998 
9425.165262 	-2369.864952329505286 	-7799.393060772825265 	   2.920144958503935 	  -7.268195454454098 	 -91.999999999994756 
9455.374125 	-2279.722041819358765 	-8012.471135403977314 	   3.045658892312348 	  -6.841512145318998 	 -91.999999999994770 
9485.582988 	-2185.976712406900788 	-8212.896627971582348 	   3.158894715634884 	  -6.430225977277561 	 -91.999999999994913 
9515.791851 	-2088.978593260350863 	-8401.109018393566657 	   3.261220460079938 	  -6.032676171267955 	 -91.999999999994671 
9546.000714 	-1989.039429964275769 	-8577.500806815831311 	   3.353784018945261 	  -5.647406834871317 	 -91.999999999994628 
9576.209577 	-1886.439083026328262 	-8742.423167614273552 	   3.437554521134206 	  -5.273132752603243 	 -91.999999999994543 
9606.418440 	-1781.430422224403856 	-8896.190673091201461 	   3.513354507191646 	  -4.908711725568160 	 -91.999999999994031 
9636.627303 	-1674.243358118583728 	-9039.085261709138649 	   3.581885200107869 	  -4.553122006788335 	 -91.999999999993975 
9666.836166 	-1565.088192959584831 	-9171.359587469481994 	   3.643746529043489 	  -4.205443735474172 	 -91.999999999993832 
9697.045029 	-1454.158430224576932 	-9293.239858051227202 	   3.699453120586707 	  -3.864843534209508 	 -91.999999999994131 
9727.253892 	-1341.633150335750088 	-9404.928247121668392 	   3.749447157644515 	  -3.530561625427646 	 -91.999999999994330 
9757.462755 	-1227.679036523545392 	-9506.604949056425539 	   3.794108780070424 	  -3.201900966927992 	 -91.999999999994401 
9787.671618 	-1112.452117045116665 	-9598.429930899470492 	   3.833764536694209 	  -2.878218013981555 	 -91.999999999994557 
9817.880481 	-996.099276492356125 	-9680.544425828078602 	   3.868694277348689 	  -2.558914797280800 	 -91.999999999994429 
9848.089344 	-878.759578612097698 	-9753.072203984302178 	   3.899136783322347 	  -2.243432068367921 	 -91.999999999994472 
9878.298207 	-760.565435119124118 	-9816.120649787480943 	   3.925294366757218 	  -1.931243312086232 	 -91.999999999994557 
9908.507070 	-641.643648834791634 	-9869.781669368252551 	   3.947336617778207 	  -1.621849462570137 	 -91.999999999994827 
9938.715933 	-522.116354711261579 	-9914.132447277122992 	   3.965403438254544 	  -1.314774187898372 	 -91.999999999994927 
9968.924796 	-402.101878594363939 	-9949.236067894411462 	   3.979607469936011 	  -1.009559630676728 	 -91.999999999995069 
9999.133659 	-281.715530710824225 	-9975.142013832684825 	   3.990035999994440 	  -0.705762508891227 	 -91.999999999995012 
10029.342522 	-161.070348668714303 	-9991.886550938233995 	   3.996752407043365 	  -0.402950494410642 	 -91.999999999994927 
10059.551385 	 -40.277803111122545 	-9999.493007158029286 	   3.999797194225422 	  -0.100698796278327 	 -91.999999999995069 
10089.760248 	  80.551522027793467 	-9997.971950449549695 	   3.999188641959153 	   0.201413117034409 	 -91.999999999994998 
10119.969111 	 201.307263510584221 	-9987.321268998590313 	   3.994923100632732 	   0.503804717553010 	 -91.999999999995239 
10150.177974 	 321.878616314982764 	-9967.526155208181081 	   3.986974932264081 	   0.806897598446258 	 -91.999999999995282 
10180.386837 	 442.153664078880922 	-9938.558993166476284 	   3.975296099333267 	   1.111118693299678 	 -91.999999999995538 
10210.595700 	 562.018691649392053 	-9900.379147539173573 	   3.959815388090114 	   1.416903593202847 	 -91.999999999995467 
10240.804563 	 681.357468358095161 	-9852.932649998292618 	   3.940437242093491 	   1.724700024110494 	 -91.999999999995495 
10271.013426 	 800.050489722935822 	-9796.151777337441672 	   3.917040168948720 	   2.034971552372815 	 -91.999999999995609 
10301.222289 	 917.974163941846200 	-9729.954513258864608 	   3.889474668479101 	   2.348201594222187 	 -91.999999999995623 
10331.431152 	1034.999927723132032 	-9654.243883373865174 	   3.857560613048620 	   2.664897815786577 	 -91.999999999995794 
10361.640015 	1150.993273592895321 	-9568.907150137045392 	   3.821083989369651 	   2.985597024487296 	 -91.999999999995623 
10391.848878 	1265.812667693912772 	-9473.814851118104343 	   3.779792884481850 	   3.310870671311741 	 -91.999999999995467 
10422.057741 	1379.308333056819947 	-9368.819660057510191 	   3.733392564809911 	   3.641331107572508 	 -91.999999999995310 
10452.266604 	1491.320868132348551 	-9253.755045362420788 	   3.681539453770653 	   3.977638770920724 	 -91.999999999995339 
10482.475467 	1601.679663680700060 	-9128.433694838146039 	   3.623833756828670 	   4.320510515672131 	 -91.999999999995126 
10512.684331 	1710.201072455470921 	-8992.645668197888881 	   3.559810408353754 	   4.670729354788897 	 -91.999999999995111 
10542.893194 	1816.686274854644125 	-8846.156229834155965 	   3.488927915284191 	   5.029155949061688 	 -91.999999999994657 
10573.102057 	1920.918768952143864 	-8688.703302907359102 	   3.410554538693841 	   5.396742268574760 	 -91.999999999994756 
10603.310920 	2022.661393826995436 	-8519.994471262696607 	   3.323951071781610 	   5.774547969974988 	 -91.999999999994799 
10633.519783 	2121.652769109649853 	-8339.703436995678203 	   3.228249220842445 	   6.163760191045366 	 -91.999999999994600 
10663.728646 	2217.602998637144992 	-8147.465817245541984 	   3.122424243618563 	   6.565717676754879 	 -91.999999999994827 
10693.937509 	2310.188438368706557 	-7942.874132038784410 	   3.005260000482952 	   6.981940440105555 	 -91.999999999994571 
10724.146372 	2399.045262824027759 	-7725.471792974589334 	   2.875303856574555 	   7.414166558434212 	 -91.999999999994628 
10754.355235 	2483.761472107397367 	-7494.745846314638584 	   2.730807825243994 	   7.864398258055515 	 -91.999999999994543 
10784.564098 	2563.866850602208160 	-7250.118147947381658 	   2.569650786183906 	   8.334960216900170 	 -91.999999999994600 
10814.772961 	2638.820199243283696 	-6990.934543483921516 	   2.389234253929511 	   8.828574121271121 	 -91.999999999994927 
10844.981824 	2707.992885000096976 	-6716.451482193002448 	   2.186340527592348 	   9.348455109722474 	 -91.999999999995126 
10875.190687 	2770.647333518511914 	-6425.819290305234972 	   1.956936287771921 	   9.898438072703621 	 -91.999999999995140 
10905.399550 	2825.908449692074100 	-6118.061039682250339 	   1.695895353970230 	  10.483145238028555 	 -91.999999999995168 
10935.608413 	2872.724941670685894 	-5792.045529483671089 	   1.396598706382829 	  11.108211664584898 	 -91.999999999994685 
10965.817276 	2909.815889671277091 	-5446.452285813915296 	   1.050342979864741 	  11.780593128968496 	 -91.999999999994529 
10996.026139 	2935.595169059571617 	-5079.725576778894720 	   0.645440589915354 	  12.508992831895592 	 -91.999999999994344 
11026.235002 	2948.061600176905813 	-4690.013086786830172 	   0.165805201831539 	  13.304461287782072 	 -91.999999999994643 
11056.443865 	2944.634130276398537 	-4275.082883958446473 	  -0.411358376856382 	  14.181249455309992 	 -91.999999999994643 
11086.652728 	2921.895079320865534 	-3832.209426032083229 	  -1.119501146356488 	  15.158026432562105 	 -91.999999999994728 
11116.861591 	2875.171726105347261 	-3358.015667019475586 	  -2.009848676355042 	  16.259586486286807 	 -91.999999999994316 
11147.070454 	2797.815854752278483 	-2848.255755686062912 	  -3.165116438830561 	  17.519044733075603 	 -91.999999999994714 
11177.279317 	2679.875109827901724 	-2297.532087740949009 	  -4.728189578179260 	  18.979678226890631 	 -91.999999999994571 
11207.488180 	2505.418778251551430 	-1699.015755176116954 	  -6.968627960418175 	  20.691075339064152 	 -91.999999999994060 
11237.697043 	2246.507335035435062 	-1044.675495087471290 	 -10.458487034349703 	  22.668844355084065 	 -91.999999999993520 
11267.905906 	1847.460323253959814 	-329.250097668268722 	 -16.613671708572721 	  24.612194622175487 	 -91.999999999995339 
11298.114769 	1178.141843173298639 	 416.963482683523637 	 -29.340933339268528 	  23.567537653092920 	 -91.999999999995794 
11328.323632 	  -0.000004052921915 	 869.565217391182387 	 -46.000000000003617 	  -0.000000116522291 	 -91.999999999994770 
11358.532495 	-1178.141848343521588 	 416.963478530581597 	 -29.340933232911386 	 -23.567537690736007 	 -91.999999999991473 
11388.741358 	-1847.460326181448409 	-329.250102005340977 	 -16.613671659308942 	 -24.612194613397357 	 -91.999999999990393 
11418.950221 	-2246.507336878259594 	-1044.675499082135048 	 -10.458487008317583 	 -22.668844342980019 	 -91.999999999990507 
11449.159084 	-2505.418779479388377 	-1699.015758822289399 	  -6.968627944502032 	 -20.691075328272252 	 -91.999999999991900 
11479.367947 	-2679.875110660907012 	-2297.532091085567572 	  -4.728189567441870 	 -18.979678217686505 	 -91.999999999993662 
11509.576810 	-2797.815855309819199 	-2848.255758773314028 	  -3.165116431082977 	 -17.519044725189694 	 -91.999999999992781 
11539.785673 	-2875.171726459285310 	-3358.015669884843192 	  -2.009848670489740 	 -16.259586479437719 	 -91.999999999993918 
11569.994536 	-2921.895079517878912 	-3832.209428703326012 	  -1.119501141755037 	 -15.158026426528291 	 -91.999999999993491 
11600.203399 	-2944.634130348607869 	-4275.082886457576024 	  -0.411358373146266 	 -14.181249449924735 	 -91.999999999993449 
11630.412262 	-2948.061600147389981 	-4690.013089131452944 	   0.165805204888119 	 -13.304461282920554 	 -91.999999999993761 
11660.621125 	-2935.595168945516434 	-5079.725578983353444 	   0.645440592477486 	 -12.508992827463221 	 -91.999999999993179 
11690.829988 	-2909.815889485857042 	-5446.452287890014304 	   1.050342982042987 	 -11.780593124892434 	 -91.999999999993761 
11721.038851 	-2872.724941424237841 	-5792.045531441290223 	   1.396598708256487 	 -11.108211660808259 	 -91.999999999993690 
11751.247714 	-2825.908449392869898 	-6118.061041529754220 	   1.695895355597720 	 -10.483145234506114 	 -91.999999999993889 
11781.456577 	-2770.647333173294101 	-6425.819292049686737 	   1.956936289197202 	  -9.898438069399065 	 -91.999999999993975 
11811.665440 	-2707.992884614443028 	-6716.451483840543005 	   2.186340528849229 	  -9.348455106606083 	 -91.999999999994202 
11841.874303 	-2638.820198821853410 	-6990.934545039829572 	   2.389234255044382 	  -8.828574118318482 	 -91.999999999994174 
11872.083166 	-2563.866850148970570 	-7250.118149416286542 	   2.569650787177702 	  -8.334960214090810 	 -91.999999999994387 
11902.292029 	-2483.761471625755348 	-7494.745847700612103 	   2.730807826133515 	  -7.864398255372230 	 -91.999999999994571 
11932.500892 	-2399.045262316905337 	-7725.471794281232178 	   2.875303857373457 	  -7.414166555862381 	 -91.999999999994543 
11962.709755 	-2310.188437838674417 	-7942.874133269263439 	   3.005260001202439 	  -6.981940437632590 	 -91.999999999994685 
11992.918618 	-2217.602998086485968 	-8147.465818402667537 	   3.122424244267896 	  -6.565717674369981 	 -91.999999999994728 
12023.127481 	-2121.652768540339821 	-8339.703438081945933 	   3.228249221429369 	  -6.163760188739044 	 -91.999999999994827 
12053.336344 	-2022.661393240816096 	-8519.994472280368427 	   3.323951072312625 	  -5.774547967738957 	 -91.999999999994998 
12083.545207 	-1920.918768350697746 	-8688.703303858421350 	   3.410554539174437 	  -5.396742266401665 	 -91.999999999995254 
12113.754071 	-1816.686274239381419 	-8846.156230720427629 	   3.488927915719026 	  -5.029155946944999 	 -91.999999999995310 
12143.962934 	-1710.201071827715623 	-8992.645669021025242 	   3.559810408746817 	  -4.670729352722783 	 -91.999999999995296 
12174.171797 	-1601.679663041654294 	-9128.433695599578641 	   3.623833757183365 	  -4.320510513651255 	 -91.999999999995310 
12204.380660 	-1491.320867483135316 	-9253.755046063441114 	   3.681539454089896 	  -3.977638768940372 	 -91.999999999995310 
12234.589523 	-1379.308332398461744 	-9368.819660699269662 	   3.733392565096223 	  -3.641331105628300 	 -91.999999999995197 
12264.798386 	-1265.812667027371390 	-9473.814851701632506 	   3.779792884737391 	  -3.310870669399671 	 -91.999999999995282 
12295.007249 	-1150.993272919074798 	-9568.907150663299035 	   3.821083989596274 	  -2.985597022603654 	 -91.999999999994884 
12325.216112 	-1034.999927042882973 	-9654.243883843591902 	   3.857560613247914 	  -2.664897813927917 	 -91.999999999995211 
12355.424975 	-917.974163255972258 	-9729.954513672777466 	   3.889474668652421 	  -2.348201592385281 	 -91.999999999995083 
12385.633838 	-800.050489032196765 	-9796.151777696184581 	   3.917040169097219 	  -2.034971550554611 	 -91.999999999994756 
12415.842701 	-681.357467663238708 	-9852.932650302345792 	   3.940437242218135 	  -1.724700022308137 	 -91.999999999994657 
12446.051564 	-562.018690951119538 	-9900.379147788957198 	   3.959815388191679 	  -1.416903591413563 	 -91.999999999994913 
12476.260427 	-442.153663377881742 	-9938.558993362386900 	   3.975296099412389 	  -1.111118691520814 	 -91.999999999994827 
12506.469290 	-321.878615611926762 	-9967.526155350406043 	   3.986974932321243 	  -0.806897596675240 	 -91.999999999995282 
12536.678153 	-201.307262806129074 	-9987.321269087415203 	   3.994923100668275 	  -0.503804715787322 	 -91.999999999995097 
12566.887016 	 -80.551521322588229 	-9997.971950485072739 	   3.999188641973296 	  -0.201413115271581 	 -91.999999999994969 
12597.095879 	  40.277803816440340 	-9999.493007140335976 	   3.999797194218253 	   0.100698798040764 	 -91.999999999994813 
12627.304742 	 161.070349373486039 	-9991.886550867284313 	   3.996752407014833 	   0.402950496175096 	 -91.999999999994600 
12657.513605 	 281.715531414408758 	-9975.142013708358718 	   3.990035999944384 	   0.705762510660181 	 -91.999999999994785 
12687.722468 	 402.101879296106233 	-9949.236067716537946 	   3.979607469864123 	   1.009559632452677 	 -91.999999999994941 
12717.931331 	 522.116355410495430 	-9914.132447045443769 	   3.965403438160390 	   1.314774189683867 	 -91.999999999994969 
12748.140194 	 641.643649530839298 	-9869.781669082458393 	   3.947336617661196 	   1.621849464367802 	 -91.999999999994941 
12778.349057 	 760.565435811279713 	-9816.120649447155301 	   3.925294366616624 	   1.931243313898787 	 -91.999999999994742 
12808.557920 	 878.759579299645452 	-9753.072203588955745 	   3.899136783157276 	   2.243432070198224 	 -91.999999999994628 
12838.766783 	 996.099277174527401 	-9680.544425377140215 	   3.868694277158048 	   2.558914799131810 	 -91.999999999994600 
12868.975646 	1112.452117721129298 	-9598.429930392301685 	   3.833764536476715 	   2.878218015856438 	 -91.999999999994330 
12899.184509 	1227.679037192562646 	-9506.604948492189578 	   3.794108779824568 	   3.201900968830119 	 -91.999999999994500 
12929.393372 	1341.633150996888617 	-9404.928246499530360 	   3.749447157368537 	   3.530561627360632 	 -91.999999999994230 
12959.602235 	1454.158430876891998 	-9293.239857370173922 	   3.699453120278548 	   3.864843536177259 	 -91.999999999994174 
12989.811098 	1565.088193602077126 	-9171.359586728396607 	   3.643746528700776 	   4.205443737480902 	 -91.999999999994046 
13020.019961 	1674.243358750170955 	-9039.085260906789699 	   3.581885199727818 	   4.553122008838709 	 -91.999999999994074 
13050.228824 	1781.430422843897759 	-8896.190672226181050 	   3.513354506771023 	   4.908711727667253 	 -91.999999999994344 
13080.437687 	1886.439083632455322 	-8742.423166685090109 	   3.437554520669234 	   5.273132754756721 	 -91.999999999994131 
13110.646550 	1989.039430555637637 	-8577.500805820691312 	   3.353784018431506 	   5.647406837085470 	 -91.999999999994174 
13140.855413 	2088.978593835398442 	-8401.109017330538336 	   3.261220459512222 	   6.032676173549818 	 -91.999999999994188 
13171.064276 	2185.976712963914906 	-8212.896626838495649 	   3.158894715007056 	   6.430225979635124 	 -91.999999999994344 
13201.273139 	2279.722042356398106 	-8012.471134198421169 	   3.045658891617114 	   6.841512147761288 	 -91.999999999994273 
13231.482002 	2369.864952844417985 	-7799.393059492068460 	   2.920144957732576 	   7.268195456991503 	 -91.999999999994316 
13261.690865 	2456.010505386992463 	-7573.169132910856206 	   2.780710957232780 	   7.712184279989699 	 -91.999999999994259 
13291.899728 	2537.709157069130470 	-7333.244034006062975 	   2.625370234931214 	   8.175688427429099 	 -91.999999999994287 
13322.108591 	2614.444992424140310 	-7078.990292081004554 	   2.451697048967401 	   8.661287752027773 	 -91.999999999993975 
13352.317454 	2685.620628956213295 	-6809.695830070857482 	   2.256698800891098 	   9.172020545365335 	 -91.999999999994117 
13382.526317 	2750.537581803733701 	-6524.548453150376190 	   2.036640179562856 	   9.711498815184225 	 -91.999999999994287 
13412.735180 	2808.370318133060664 	-6222.616326414443392 	   1.786796579271342 	  10.284060562583401 	 -91.999999999994287 
13442.944043 	2858.131366807338509 	-5902.823116485381433 	   1.501101037147089 	  10.894973708828958 	 -91.999999999994330 
13473.152906 	2898.623461889485952 	-5563.915933159275482 	   1.171626584982767 	  11.550713163093540 	 -91.999999999994586 
13503.361769 	2928.372405477146003 	-5204.423411924314678 	   0.787806482236034 	  12.259342914390331 	 -91.999999999993960 
13533.570632 	2945.530409628158395 	-4822.600093776800350 	   0.335222443345550 	  13.031050736335327 	 -91.999999999993861 
13563.779495 	2947.732681097378190 	-4416.351494008597001 	  -0.206347953615159 	  13.878906101485779 	 -91.999999999993307 
13593.988358 	2931.876950446110186 	-3983.131674439648123 	  -0.866214639553560 	  14.819942208371083 	 -91.999999999993676 
13624.197221 	2893.769887206254680 	-3519.801651681745170 	  -1.688584353720499 	  15.876688122420880 	 -91.999999999994287 
13654.406084 	2827.530122744493383 	-3022.433545947275888 	  -2.743492775242261 	  17.079225507977895 	 -91.999999999993690 
13684.614947 	2724.514140904856504 	-2486.048198818034507 	  -4.149002580093670 	  18.467373553223759 	 -91.999999999994145 
13714.823811 	2571.221751217890869 	-1904.314573787843528 	  -6.120795210875621 	  20.090028990603901 	 -91.999999999993690 
13745.032674 	2344.764020575993527 	-1269.482611799747701 	  -9.097255774674396 	  21.984646458528740 	 -91.999999999992099 
13775.241537 	2001.637795781018895 	-574.272176114992021 	 -14.105607565145847 	  24.030550408891330 	 -91.999999999993804 
13805.450400 	1445.326758940956552 	 171.994633111710726 	 -23.954169307087202 	  24.824844082192090 	 -91.999999999993065 
13835.659263 	 452.020217298611385 	 805.334957457802830 	 -42.800722971247851 	  12.236358851025699 	 -91.999999999993406 
13865.868126 	-849.955540074392388 	 638.913151565715793 	 -36.021756999027623 	 -19.983663744726943 	 -91.999999999991473 
13896.076989 	-1664.749234191922369 	 -79.331402806701675 	 -19.810008760197508 	 -24.971662356544755 	 -91.999999999990678 
13926.285852 	-2133.208434228696206 	-812.920110347896753 	 -12.097541666503263 	 -23.361212203573668 	 -91.999999999990564 
13956.494715 	-2430.433496530504726 	-1487.507163315335447 	  -7.949429529676788 	 -21.323287982840601 	 -91.999999999991360 
13986.703578 	-2629.047071528799279 	-2103.717877599090571 	  -5.380449816778109 	 -19.519980842045587 	 -91.999999999991985 
14016.912441 	-2763.638326276546650 	-2669.538509732806233 	  -3.631103406950514 	 -17.981140985486999 	 -91.999999999991530 
14047.121304 	-2853.195880803082218 	-3192.287329197575218 	  -2.360087551988241 	 -16.659941894570249 	 -91.999999999990990 
14077.330167 	-2909.263956729447273 	-3677.814219942205455 	  -1.392787469298226 	 -15.509907052458036 	 -91.999999999990465 
14107.539030 	-2939.399879794903882 	-4130.714768614790955 	  -0.630782091429791 	 -14.494652869012567 	 -91.999999999990820 
14137.747893 	-2948.833525671027928 	-4554.628130578241326 	  -0.014363909514459 	 -13.586871526503041 	 -91.999999999990749 
14167.956756 	-2941.343406750593658 	-4952.476860295183542 	   0.494824622810056 	 -12.766068871607438 	 -91.999999999990692 
14198.165619 	-2919.754825214262382 	-5326.642896147390275 	   0.922578384199279 	 -12.016678284310602 	 -91.999999999990763 
14228.374482 	-2886.240377081176121 	-5679.094561036369669 	   1.286902741587954 	 -11.326692641145550 	 -91.999999999991005 
14258.583345 	-2842.510156472711060 	-6011.478716772277039 	   1.600760335669664 	 -10.686703525858704 	 -91.999999999990564 
14288.792208 	-2789.937038417608619 	-6325.188495218597382 	   1.873729299295634 	 -10.089227321382085 	 -91.999999999990663 
14319.001071 	-2729.642013449542901 	-6621.413829357801660 	   2.113045511117891 	  -9.528227915041183 	 -91.999999999990564 
14349.209934 	-2662.553999040861072 	-6901.179725660667827 	   2.324280623245050 	  -8.998773994722326 	 -91.999999999990763 
14379.418797 	-2589.452810269667680 	-7165.375672766531352 	   2.511796434541899 	  -8.496789300708665 	 -91.999999999990564 
14409.627660 	-2511.000704195922481 	-7414.778544970664370 	   2.679057360854588 	  -8.018867906464774 	 -91.999999999990905 
14439.836523 	-2427.765980237737494 	-7650.070661409692548 	   2.828850256654308 	  -7.562135640539479 	 -91.999999999990933 
14470.045386 	-2340.240937621347257 	-7871.854187428146361 	   2.963442198879067 	  -7.124144719259439 	 -91.999999999991132 
14500.254249 	-2248.855747308429272 	-8080.662737782920885 	   3.084695786524489 	  -6.702792617300574 	 -91.999999999991303 
14530.463112 	-2153.989315235513459 	-8276.970813055244435 	   3.194154755617742 	  -6.296258862307711 	 -91.999999999991189 
14560.671975 	-2055.977895833592356 	-8461.201538962064660 	   3.293108473802663 	  -5.902955249705453 	 -91.999999999991019 
14590.880838 	-1955.122000103510118 	-8633.733062204028101 	   3.382641159147558 	  -5.521486222405261 	 -91.999999999991260 
14621.089701 	-1851.691994751882476 	-8794.903872101644083 	   3.463669883744137 	  -5.150617032857044 	 -91.999999999991516 
14651.298564 	-1745.932685427639171 	-8945.017255155149542 	   3.536974229394859 	  -4.789247922793209 	 -91.999999999991658 
14681.507427 	-1638.067103519000739 	-9084.345043409417485 	   3.603219650274823 	  -4.436392998855830 	 -91.999999999991559 
14711.716290 	-1528.299662895181427 	-9213.130782678656033 	   3.662976035269328 	  -4.091162803372224 	 -91.999999999991786 
14741.925153 	-1416.818814192300806 	-9331.592420190214398 	   3.716732567774760 	  -3.752749814878125 	 -91.999999999991985 
14772.134016 	-1303.799295563773740 	-9439.924590845805142 	   3.764909699450697 	  -3.420416287240182 	 -91.999999999991857 
14802.342879 	-1189.404057379786991 	-9538.300565502044265 	   3.807868851417107 	  -3.093483966477593 	 -91.999999999991829 
14832.551742 	-1073.785922181817341 	-9626.873912301214659 	   3.845920308098180 	  -2.771325322584718 	 -91.999999999991545 
14862.760605 	-957.089028882404364 	-9705.779912303451056 	   3.879329659309739 	  -2.453356008278363 	 -91.999999999991275 
14892.969468 	-839.450100754348455 	-9775.136762870470193 	   3.908323064253509 	  -2.139028313683907 	 -91.999999999991331 
14923.178331 	-720.999569464816204 	-9835.046595964684457 	   3.933091549139549 	  -1.827825429900346 	 -91.999999999991317 
14953.387194 	-601.862581760572652 	-9885.596333411051091 	   3.953794502786236 	  -1.519256368319647 	 -91.999999999991218 
14983.596057 	-482.159911022844142 	-9926.858396957604782 	   3.970562497869851 	  -1.212851408846065 	 -91.999999999991161 
15013.804920 	-362.008792505357405 	-9958.891287457934595 	   3.983499536706592 	  -0.908157970479436 	 -91.999999999991260 
15044.013783 	-241.523698441080370 	-9981.740044527590726 	   3.992684797486986 	  -0.604736813354713 	 -91.999999999991417 
15074.222646 	-120.817067201299906 	-9995.436595467594088 	   3.998173938208931 	  -0.302158493204096 	 -91.999999999991616 
15104.431509 	   0.000000797335788 	-10000.000000001120497 	   3.999999999999268 	   0.000000001993249 	 -91.999999999991729 
