  0.000000 	   0.000000000000000 	-99899999.999999910593033 	   0.004474373701427 	   0.000000000000000 	  -0.009999997995593 
26657297.628950 	119260.541472881130176 	-99864408.275889426469803 	   0.004472778715017 	   0.002670633627346 	  -0.009999997995593 
53314595.257900 	238435.966186648583971 	-99757582.500557020306587 	   0.004467984668736 	   0.005345066288518 	  -0.009999997995593 
79971892.886850 	357440.671671338961460 	-99579370.468414574861526 	   0.004459964161928 	   0.008027126818507 	  -0.009999997995593 
106629190.515801 	476188.076561056601349 	-99329517.174007505178452 	   0.004448671057677 	   0.010720704220919 	  -0.009999997995593 
133286488.144751 	594590.112237232620828 	-99007662.791200846433640 	   0.004434039764349 	   0.013429779187803 	  -0.009999997995593 
159943785.773701 	712556.691146053024568 	-98613339.789871245622635 	   0.004415984199556 	   0.016158457398644 	  -0.009999997995593 
186601083.402651 	829995.142922025406733 	-98145969.133640825748444 	   0.004394396404559 	   0.018911005289231 	  -0.009999997995593 
213258381.031601 	946809.608443965436891 	-97604855.482630103826523 	   0.004369144765254 	   0.021691889071930 	  -0.009999997995593 
239915678.660551 	1062900.380596792092547 	-96989181.302816629409790 	   0.004340071781733 	   0.024505817911974 	  -0.009999997995593 
266572976.289502 	1178163.178743652533740 	-96297999.757390007376671 	   0.004306991311030 	   0.027357792327362 	  -0.009999997995593 
293230273.918452 	1292488.341625675559044 	-95530226.224325731396675 	   0.004269685186038 	   0.030253159093197 	  -0.009999997995593 
319887571.547402 	1405759.920468954835087 	-94684628.246713876724243 	   0.004227899086091 	   0.033197674209149 	  -0.009999997995593 
346544869.176352 	1517854.650309060933068 	-93759813.676213249564171 	   0.004181337499398 	   0.036197575850747 	  -0.009999997995593 
373202166.805302 	1628640.772698072716594 	-92754216.712782233953476 	   0.004129657571561 	   0.039259669698446 	  -0.009999997995593 
399859464.434252 	1737976.676705067045987 	-91666081.472110331058502 	   0.004072461573890 	   0.042391429660284 	  -0.009999997995593 
426516762.063203 	1845709.317000846611336 	-90493442.621332332491875 	   0.004009287644696 	   0.045601117826734 	  -0.009999997995593 
453174059.692153 	1951672.357199587859213 	-89234102.507361590862274 	   0.003939598348241 	   0.048897928594234 	  -0.009999997995593 
479831357.321103 	2055683.972627137787640 	-87885604.051871061325073 	   0.003862766448360 	   0.052292163372389 	  -0.009999997995593 
506488654.950053 	2157544.228044691029936 	-86445198.490518361330032 	   0.003778057090095 	   0.055795444302308 	  -0.009999997995593 
533145952.579003 	2257031.920777853112668 	-84909806.774431601166725 	   0.003684605298321 	   0.059420978184566 	  -0.009999997995593 
559803250.207953 	2353900.745567676611245 	-83275973.104844331741333 	   0.003581387299758 	   0.063183885679703 	  -0.009999997995593 
586460547.836904 	2447874.590409684460610 	-81539808.601666361093521 	   0.003467183596258 	   0.067101616309030 	  -0.009999997995593 
613117845.465854 	2538641.706871784757823 	-79696922.461440607905388 	   0.003340530872493 	   0.071194477629958 	  -0.009999997995593 
639775143.094804 	2625847.405022500082850 	-77742337.060837090015411 	   0.003199658565711 	   0.075486318416482 	  -0.009999997995593 
666432440.723754 	2709084.788313819561154 	-75670382.188339039683342 	   0.003042404023020 	   0.080005422712306 	  -0.009999997995593 
693089738.352704 	2787882.845510231796652 	-73474561.750687196850777 	   0.002866097227651 	   0.084785697480477 	  -0.009999997995593 
719747035.981654 	2861690.919039201922715 	-71147383.600590378046036 	   0.002667401410178 	   0.089868276709765 	  -0.009999997995593 
746404333.610605 	2929858.111585265956819 	-68680139.073032781481743 	   0.002442088270002 	   0.095303728730967 	  -0.009999997995593 
773061631.239555 	2991605.471010829322040 	-66062612.562080375850201 	   0.002184713810735 	   0.101155158129224 	  -0.009999997995593 
799718928.868505 	3045987.621185360942036 	-63282691.556091248989105 	   0.001888138744427 	   0.107502670575628 	  -0.009999997995593 
826376226.497455 	3091838.536330144386739 	-60325831.326276026666164 	   0.001542797710710 	   0.114449979283607 	  -0.009999997995593 
853033524.126405 	3127692.715611620806158 	-57174300.919334776699543 	   0.001135546800770 	   0.122134499818730 	  -0.009999997995593 
879690821.755355 	3151666.725934427697212 	-53806088.282019175589085 	   0.000647770649605 	   0.130743372272934 	  -0.009999997995593 
906348119.384306 	3161273.952848013956100 	-50193251.281878910958767 	   0.000052117795132 	   0.140540077270776 	  -0.009999997995593 
933005417.013256 	3153120.445333661977202 	-46299320.786267854273319 	  -0.000693477040451 	   0.151911188624396 	  -0.009999997995593 
959662714.642206 	3122374.126849323511124 	-42074975.660139508545399 	  -0.001657593762644 	   0.165454459190081 	  -0.009999997995593 
986320012.271156 	3061762.477197097148746 	-37450300.206444241106510 	  -0.002961016384261 	   0.182160579069102 	  -0.009999997995593 
1012977309.900106 	2959466.950551096349955 	-32319506.058174271136522 	  -0.004840617617863 	   0.203837484595350 	  -0.009999997995593 
1039634607.529056 	2793965.671692640054971 	-26506264.463381338864565 	  -0.007842262770270 	   0.234295308512937 	  -0.009999997995593 
1066291905.158007 	2517872.850346005987376 	-19665466.171192821115255 	  -0.013622177579357 	   0.283777199967741 	  -0.009999997995592 
1092949202.786957 	1974379.752730637090281 	-10850421.054467266425490 	  -0.031603056749451 	   0.399707880416060 	  -0.009999997995592 
1119606500.415907 	6458196.808927381411195 	1372486.452729350421578 	   0.500464741806898 	   0.175374994203298 	  -0.009999997995560 
1146263798.044857 	16124418.648774512112141 	5123328.538121414370835 	   0.289266694870991 	   0.119604885767997 	  -0.009999997995561 
1172921095.673807 	22931593.379188779741526 	8014543.136586518026888 	   0.228783375275756 	   0.099439473720992 	  -0.009999997995561 
1199578393.302757 	28547444.376852657645941 	10493597.230797242373228 	   0.195100281802911 	   0.087366462508374 	  -0.009999997995561 
1226235690.931708 	33427302.228459611535072 	12703218.795656537637115 	   0.172262619374000 	   0.078831343249474 	  -0.009999997995561 
1252892988.560658 	37781871.681086800992489 	14713651.638759985566139 	   0.155168327139409 	   0.072255594997851 	  -0.009999997995561 
1279550286.189608 	41730917.212569110095501 	16566369.668678678572178 	   0.141581222288188 	   0.066913630037328 	  -0.009999997995561 
1306207583.818558 	45350892.324268639087677 	18288570.740828108042479 	   0.130335963016705 	   0.062414539536003 	  -0.009999997995561 
1332864881.447508 	48694432.121830686926842 	19899366.287800524383783 	   0.120753624887707 	   0.058524762389998 	  -0.009999997995561 
1359522179.076458 	51799757.617233760654926 	21412860.918108943849802 	   0.112406413916257 	   0.055094134630461 	  -0.009999997995561 
1386179476.705409 	54695745.833228811621666 	22839852.865487799048424 	   0.105008578505605 	   0.052020664917595 	  -0.009999997995561 
1412836774.334359 	57404893.018920302391052 	24188847.260227799415588 	   0.098360415198330 	   0.049232056859156 	  -0.009999997995560 
1439494071.963309 	59945156.518549010157585 	25466696.235291235148907 	   0.092317219244051 	   0.046675276086367 	  -0.009999997995561 
1466151369.592259 	62331156.725472494959831 	26679022.455971505492926 	   0.086770987533117 	   0.044310306880633 	  -0.009999997995560 
1492808667.221209 	64574993.023456402122974 	27830510.100627154111862 	   0.081639092082783 	   0.042106235345569 	  -0.009999997995560 
1519465964.850159 	66686816.085997454822063 	28925111.116485968232155 	   0.076856976997624 	   0.040038694066182 	  -0.009999997995560 
1546123262.479110 	68675240.481920450925827 	29966195.319075331091881 	   0.072373285368024 	   0.038088139042315 	  -0.009999997995561 
1572780560.108060 	70547649.212796419858932 	30956662.107534825801849 	   0.068146510932664 	   0.036238654532364 	  -0.009999997995561 
1599437857.737010 	72310423.084949567914009 	31899025.239940844476223 	   0.064142638393759 	   0.034477103530221 	  -0.009999997995561 
1626095155.365960 	73969116.540912538766861 	32795478.260307822376490 	   0.060333443242016 	   0.032792510842878 	  -0.009999997995561 
1652752452.994910 	75528594.548295378684998 	33647945.745468392968178 	   0.056695242601145 	   0.031175606516630 	  -0.009999997995561 
1679409750.623860 	76993140.634743422269821 	34458123.971198134124279 	   0.053207961353361 	   0.029618482179018 	  -0.009999997995561 
1706067048.252810 	78366543.187774866819382 	35227513.555382207036018 	   0.049854422998997 	   0.028114328412265 	  -0.009999997995561 
1732724345.881761 	79652165.136608555912971 	35957445.928786054253578 	   0.046619803525435 	   0.026657231268227 	  -0.009999997995561 
1759381643.510711 	80853000.755812615156174 	36649104.994022093713284 	   0.043491205380762 	   0.025242012608259 	  -0.009999997995561 
1786038941.139661 	81971722.365165323019028 	37303544.987626045942307 	   0.040457321199624 	   0.023864103364846 	  -0.009999997995561 
1812696238.768611 	83010719.011864855885506 	37921705.312230341136456 	   0.037508165462081 	   0.022519441841122 	  -0.009999997995561 
1839353536.397561 	83972128.722970426082611 	38504422.925309598445892 	   0.034634858169030 	   0.021204391264930 	  -0.009999997995561 
1866010834.026511 	84857865.550132051110268 	39052442.737704344093800 	   0.031829448766005 	   0.019915672298334 	  -0.009999997995561 
1892668131.655462 	85669642.356549188494682 	39566426.375471934676170 	   0.029084771504807 	   0.018650307266962 	  -0.009999997995561 
1919325429.284412 	86408990.091231524944305 	40046959.583188325166702 	   0.026394325569159 	   0.017405573645452 	  -0.009999997995561 
1945982726.913362 	87077274.139605864882469 	40494558.489081189036369 	   0.023752174853098 	   0.016178964902035 	  -0.009999997995561 
1972640024.542312 	87675708.219433873891830 	40909674.907687246799469 	   0.021152863435930 	   0.014968157225821 	  -0.009999997995561 
1999297322.171262 	88205366.197575032711029 	41292700.820766933262348 	   0.018591343660144 	   0.013770980975328 	  -0.009999997995561 
2025954619.800212 	88667192.129736199975014 	41643972.149561189115047 	   0.016062914368453 	   0.012585395924588 	  -0.009999997995561 
2052611917.429163 	89062008.767069071531296 	41963771.909371905028820 	   0.013563167349312 	   0.011409469563856 	  -0.009999997995561 
2079269215.058113 	89390524.726725280284882 	42252332.819563165307045 	   0.011087940417027 	   0.010241357849875 	  -0.009999997995561 
2105926512.687063 	89653340.485539853572845 	42509839.427419491112232 	   0.008633275841490 	   0.009079287906176 	  -0.009999997995561 
2132583810.316013 	89850953.324857130646706 	42736429.792102947831154 	   0.006195383064709 	   0.007921542254442 	  -0.009999997995561 
2159241107.944963 	89983761.328541159629822 	42932196.764636300504208 	   0.003770604811724 	   0.006766444219020 	  -0.009999997995561 
2185898405.573914 	90052066.514252334833145 	43097188.890936769545078 	   0.001355385833290 	   0.005612344192184 	  -0.009999997995561 
2212555703.202864 	90056077.159085363149643 	43231410.957054965198040 	  -0.001053756384864 	   0.004457606480506 	  -0.009999997995561 
2239213000.831814 	89995909.363943368196487 	43334824.188641838729382 	  -0.003460259540755 	   0.003300596474788 	  -0.009999997995561 
2265870298.460764 	89871587.885853633284569 	43407346.109985172748566 	  -0.005867543609161 	   0.002139667898613 	  -0.009999997995561 
2292527596.089714 	89683046.253289327025414 	43448850.061498880386353 	  -0.008279037626943 	   0.000973149894607 	  -0.009999997995561 
2319184893.718664 	89430126.165931344032288 	43459164.368092171847820 	  -0.010698206678528 	  -0.000200666296885 	  -0.009999997995561 
2345842191.347614 	89112576.166692748665810 	43438071.144145794212818 	  -0.013128579597040 	  -0.001383541324961 	  -0.009999997995561 
2372499488.976564 	88730049.559803292155266 	43385304.713671803474426 	  -0.015573777922296 	  -0.002577302661595 	  -0.009999997995561 
2399156786.605515 	88282101.533745348453522 	43300549.616342976689339 	  -0.018037546702282 	  -0.003783860794396 	  -0.009999997995561 
2425814084.234465 	87768185.431362450122833 	43183438.161164991557598 	  -0.020523787792322 	  -0.005005227036684 	  -0.009999997995561 
2452471381.863415 	87187648.090827062726021 	43033547.479261226952076 	  -0.023036596400042 	  -0.006243533372631 	  -0.009999997995561 
2479128679.492365 	86539724.159615650773048 	42850396.015110284090042 	  -0.025580301749960 	  -0.007501054833508 	  -0.009999997995561 
2505785977.121315 	85823529.258238732814789 	42633439.381046935915947 	  -0.028159512907212 	  -0.008780235002779 	  -0.009999997995561 
2532443274.750266 	85038051.840002462267876 	42382065.482233241200447 	  -0.030779171016271 	  -0.010083715379657 	  -0.009999997995561 
2559100572.379216 	84182143.556010752916336 	42095588.797665499150753 	  -0.033444609492599 	  -0.011414369501971 	  -0.009999997995561 
2585757870.008166 	83254507.888929918408394 	41773243.675930008292198 	  -0.036161624073491 	  -0.012775342952401 	  -0.009999997995561 
2612415167.637116 	82253686.762073621153831 	41414176.470731176435947 	  -0.038936555117282 	  -0.014170100664879 	  -0.009999997995561 
2639072465.266066 	81178044.758587643504143 	41017436.298540972173214 	  -0.041776385177278 	  -0.015602483334464 	  -0.009999997995561 
2665729762.895016 	80025750.494087919592857 	40581964.146109938621521 	  -0.044688855723748 	  -0.017076775248830 	  -0.009999997995561 
2692387060.523966 	78794754.568463802337646 	40106579.985031016170979 	  -0.047682608023475 	  -0.018597786551625 	  -0.009999997995561 
2719044358.152917 	77482763.369555026292801 	39589967.458414763212204 	  -0.050767354725552 	  -0.020170953888158 	  -0.009999997995561 
2745701655.781867 	76087207.800237551331520 	39030655.583130672574043 	  -0.053954090810829 	  -0.021802464675970 	  -0.009999997995561 
2772358953.410817 	74605205.732848614454269 	38426996.748702369630337 	  -0.057255355486768 	  -0.023499412040701 	  -0.009999997995561 
2799016251.039767 	73033516.634525775909424 	37777140.074428543448448 	  -0.060685560719871 	  -0.025269989993857 	  -0.009999997995561 
2825673548.668717 	71368486.315289407968521 	37078998.885567963123322 	  -0.064261407960518 	  -0.027123742060578 	  -0.009999997995561 
2852330846.297668 	69605979.069992706179619 	36330210.651378564536572 	  -0.068002423112738 	  -0.029071881851008 	  -0.009999997995561 
2878988143.926618 	67741293.528092235326767 	35528087.137396350502968 	  -0.071931652338083 	  -0.031127711901241 	  -0.009999997995561 
2905645441.555568 	65769057.155987709760666 	34669551.675869032740593 	  -0.076076580142358 	  -0.033307178948345 	  -0.009999997995561 
2932302739.184518 	63683092.360508941113949 	33751059.215175449848175 	  -0.080470360185382 	  -0.035629622094882 	  -0.009999997995561 
2958960036.813468 	61476244.169880174100399 	32768492.948363717645407 	  -0.085153494906680 	  -0.038118799278295 	  -0.009999997995561 
2985617334.442418 	59140154.937070421874523 	31717028.468090042471886 	  -0.090176173916941 	  -0.040804324587701 	  -0.009999997995561 
3012274632.071369 	56664964.415440663695335 	30590951.900998640805483 	  -0.095601604290908 	  -0.043723728076057 	  -0.009999997995561 
3038931929.700319 	54038902.105953194200993 	29383411.172853279858828 	  -0.101510878620858 	  -0.046925487269858 	  -0.009999997995561 
3065589227.329269 	51247719.640561759471893 	28086067.264737602323294 	  -0.108010309001401 	  -0.050473628684623 	  -0.009999997995561 
3092246524.958219 	48273877.672642067074776 	26688590.761473447084427 	  -0.115242874895744 	  -0.054454970617812 	  -0.009999997995561 
3118903822.587169 	45095340.992959327995777 	25177909.297964543104172 	  -0.123406864294008 	  -0.058991028002543 	  -0.009999997995561 
3145561120.216119 	41683718.242346018552780 	23537034.051686663180590 	  -0.132787827737727 	  -0.064258638321851 	  -0.009999997995561 
3172218417.845069 	38001239.630374185740948 	21743131.178941145539284 	  -0.143816962539698 	  -0.070528116983793 	  -0.009999997995561 
3198875715.474020 	33995517.333256199955940 	19764132.620962198823690 	  -0.157186867651169 	  -0.078240022684400 	  -0.009999997995561 
3225533013.102970 	29589646.052748940885067 	17552226.139505401253700 	  -0.174107416766018 	  -0.088177912277999 	  -0.009999997995560 
3252190310.731920 	24661112.587502155452967 	15029692.663427231833339 	  -0.196965131375934 	  -0.101923850891611 	  -0.009999997995560 
3278847608.360870 	18987874.118111118674278 	12051650.189725140109658 	  -0.231477094047710 	  -0.123394493747000 	  -0.009999997995560 
3305504905.989820 	12057696.752898588776588 	8268246.487970902584493 	  -0.297611017888714 	  -0.167051257427410 	  -0.009999997995560 
3332162203.618771 	1154307.885562048526481 	1482942.289943823823705 	  -0.789864558682786 	  -0.631549186333662 	  -0.009999997995560 
3358819501.247721 	-9188949.389411933720112 	10127884.743109790608287 	  -0.261570805167894 	   0.239715476728273 	  -0.009999997995595 
3385476798.876671 	-15246874.722771652042866 	15537328.337762029841542 	  -0.201696979526853 	   0.176243562103468 	  -0.009999997995595 
3412134096.505621 	-20185779.760471973568201 	19795205.174008689820766 	  -0.171383612012904 	   0.145934941736870 	  -0.009999997995595 
3438791394.134571 	-24474140.796608429402113 	23412889.114995453506708 	  -0.151510135197573 	   0.126683693762029 	  -0.009999997995595 
3465448691.763521 	-28309219.839761886745691 	26596177.474353551864624 	  -0.136868358551632 	   0.112801621999551 	  -0.009999997995595 
3492105989.392471 	-31798504.397806648164988 	29454250.400706920772791 	  -0.125328391872869 	   0.102035638268183 	  -0.009999997995595 
3518763287.021421 	-35009001.749196916818619 	32053906.293519824743271 	  -0.115822627848104 	   0.093281054431812 	  -0.009999997995595 
3545420584.650372 	-37986159.800228841602802 	34439811.388534463942051 	  -0.107744251777041 	   0.085920416170016 	  -0.009999997995595 
3572077882.279322 	-40762649.394328489899635 	36643713.716561101377010 	  -0.100717302130628 	   0.079576272091402 	  -0.009999997995595 
3598735179.908272 	-43362978.261605396866798 	38689209.528138354420662 	  -0.094493670510764 	   0.074002293468654 	  -0.009999997995595 
3625392477.537222 	-45806138.439450725913048 	40594443.969049729406834 	  -0.088901513023986 	   0.069029484913515 	  -0.009999997995595 
3652049775.166173 	-48107229.470456451177597 	42373749.509372234344482 	  -0.083817162009109 	   0.064537232770432 	  -0.009999997995595 
3678707072.795123 	-50278506.582192666828632 	44038694.398649454116821 	  -0.079148805492857 	   0.060436647889563 	  -0.009999997995595 
3705364370.424073 	-52330086.381652608513832 	45598782.978751093149185 	  -0.074826496068140 	   0.056660455690311 	  -0.009999997995595 
3732021668.053023 	-54270438.557501226663589 	47061940.236186280846596 	  -0.070795766436650 	   0.053156584753154 	  -0.009999997995595 
3758678965.681973 	-56106738.468813501298428 	48434857.104365795850754 	  -0.067013400450079 	   0.049883948850916 	  -0.009999997995595 
3785336263.310923 	-57845126.226640217006207 	49723242.774930059909821 	  -0.063444545036089 	   0.046809584081818 	  -0.009999997995595 
3811993560.939873 	-59490901.103043451905251 	50932013.072969831526279 	  -0.060060685261477 	   0.043906652866139 	  -0.009999997995595 
3838650858.568824 	-61048670.091476321220398 	52065433.750547558069229 	  -0.056838191647011 	   0.041153019409750 	  -0.009999997995595 
3865308156.197774 	-62522463.253075383603573 	53127231.284628823399544 	  -0.053757256776688 	   0.038530211911087 	  -0.009999997995595 
3891965453.826724 	-63915824.537834510207176 	54120679.791798569262028 	  -0.050801102809069 	   0.036022652610082 	  -0.009999997995595 
3918622751.455674 	-65231884.185790106654167 	55048670.083196975290775 	  -0.047955381330472 	   0.033617077168003 	  -0.009999997995595 
3945280049.084624 	-66473417.080473192036152 	55913765.155068829655647 	  -0.045207712242410 	   0.031302090347057 	  -0.009999997995595 
3971937346.713574 	-67642890.239728063344955 	56718245.231714427471161 	  -0.042547324778803 	   0.029067821433413 	  -0.009999997995595 
3998594644.342525 	-68742501.799996346235275 	57464144.658018149435520 	  -0.039964774638063 	   0.026905653737639 	  -0.009999997995595 
4025251941.971475 	-69774213.261161163449287 	58153282.358683362603188 	  -0.037451718587809 	   0.024808009850293 	  -0.009999997995595 
4051909239.600425 	-70739776.333913058042526 	58787287.164190046489239 	  -0.035000732981294 	   0.022768179372882 	  -0.009999997995595 
4078566537.229375 	-71640755.420297473669052 	59367618.999147333204746 	  -0.032605166183844 	   0.020780179364051 	  -0.009999997995595 
4105223834.858325 	-72478546.527072429656982 	59895586.703634776175022 	  -0.030259017437727 	   0.018838640234783 	  -0.009999997995595 
4131881132.487276 	-73254393.237936779856682 	60372363.089598134160042 	  -0.027956836516943 	   0.016938711617862 	  -0.009999997995595 
4158538430.116226 	-73969400.238750040531158 	60798997.706692285835743 	  -0.025693639853183 	   0.015075984040050 	  -0.009999997995595 
4185195727.745176 	-74624544.788464292883873 	61176427.694185972213745 	  -0.023464839795140 	   0.013246423184344 	  -0.009999997995595 
4211853025.374126 	-75220686.449721276760101 	61505487.019864372909069 	  -0.021266184394205 	   0.011446314242669 	  -0.009999997995595 
4238510323.003076 	-75758575.331239178776741 	61786914.347702167928219 	  -0.019093705659098 	   0.009672214394538 	  -0.009999997995595 
4265167620.632026 	-76238859.045072689652443 	62021359.729356713593006 	  -0.016943674638210 	   0.007920911852209 	  -0.009999997995595 
4291824918.260976 	-76662088.542489796876907 	62209390.277256898581982 	  -0.014812562005751 	   0.006189390221569 	  -0.009999997995595 
4318482215.889927 	-77028722.960304751992226 	62351494.947013109922409 	  -0.012697003070679 	   0.004474797164568 	  -0.009999997995595 
4345139513.518877 	-77339133.583296388387680 	62448088.532380066812038 	  -0.010593766313388 	   0.002774416530820 	  -0.009999997995595 
4371796811.147827 	-77593607.006403401494026 	62499514.955730684101582 	  -0.008499724698030 	   0.001085643266441 	  -0.009999997995595 
4398454108.776777 	-77792347.561937317252159 	62506049.920097298920155 	  -0.006411829115779 	  -0.000594039484844 	  -0.009999997995595 
4425111406.405727 	-77935479.060931250452995 	62467902.974346444010735 	  -0.004327083395298 	  -0.002267081591243 	  -0.009999997995595 
4451768704.034678 	-78023045.883551359176636 	62385219.030514732003212 	  -0.002242520374404 	  -0.003935885895260 	  -0.009999997995595 
4478426001.663628 	-78055013.440566420555115 	62258079.361162081360817 	  -0.000155178565647 	  -0.005602827327445 	  -0.009999997995595 
4505083299.292578 	-78031268.015742003917694 	62086502.094383992254734 	   0.001937921029724 	  -0.007270271541227 	  -0.009999997995595 
4531740596.921528 	-77951615.987254470586777 	61870442.214512571692467 	   0.004039798398885 	  -0.008940593422961 	  -0.009999997995595 
4558397894.550478 	-77815782.414428845047951 	61609791.067159831523895 	   0.006153538734371 	  -0.010616195828057 	  -0.009999997995595 
4585055192.179428 	-77623408.963832870125771 	61304375.357815377414227 	   0.008282317864599 	  -0.012299528903051 	  -0.009999997995595 
4611712489.808378 	-77374051.135616689920425 	60953955.623354271054268 	   0.010429429413997 	  -0.013993110375288 	  -0.009999997995595 
4638369787.437328 	-77067174.736448928713799 	60558224.145192444324493 	   0.012598314270487 	  -0.015699547227736 	  -0.009999997995595 
4665027085.066278 	-76702151.528929114341736 	60116802.261045657098293 	   0.014792593022979 	  -0.017421559228440 	  -0.009999997995595 
4691684382.695229 	-76278253.968250513076782 	59629237.018821202218533 	   0.017016102144542 	  -0.019162004855517 	  -0.009999997995595 
4718341680.324179 	-75794648.914324954152107 	59094997.100554883480072 	   0.019272934845153 	  -0.020923910253592 	  -0.009999997995595 
4744998977.953129 	-75250390.180489182472229 	58513467.925751842558384 	   0.021567487710991 	  -0.022710501982592 	  -0.009999997995595 
4771656275.582079 	-74644409.746941760182381 	57883945.821138128638268 	   0.023904514498205 	  -0.024525244483036 	  -0.009999997995595 
4798313573.211029 	-73975507.426425382494926 	57205631.116467662155628 	   0.026289188776119 	  -0.026371883395192 	  -0.009999997995595 
4824970870.839979 	-73242338.719044089317322 	56477619.992169387638569 	   0.028727177542696 	  -0.028254496148531 	  -0.009999997995595 
4851628168.468930 	-72443400.529350191354752 	55698894.862184710800648 	   0.031224728498444 	  -0.030177551605159 	  -0.009999997995595 
4878285466.097880 	-71577014.337754458189011 	54868313.021624259650707 	   0.033788774412250 	  -0.032145981027320 	  -0.009999997995595 
4904942763.726830 	-70641306.314096897840500 	53984593.220124274492264 	   0.036427059012866 	  -0.034165263288730 	  -0.009999997995595 
4931600061.355781 	-69634183.725937008857727 	53046299.732860773801804 	   0.039148290191554 	  -0.036241528125364 	  -0.009999997995595 
4958257358.984731 	-68553306.816572025418282 	52051823.384931288659573 	   0.041962328148734 	  -0.038381682414746 	  -0.009999997995595 
4984914656.613681 	-67396055.092138051986694 	50999358.831081040203571 	   0.044880418672083 	  -0.040593566117942 	  -0.009999997995595 
5011571954.242631 	-66159486.640607759356499 	49886877.187013484537601 	   0.047915485313214 	  -0.042886146815778 	  -0.009999997995595 
5038229251.871581 	-64840288.674720145761967 	48712092.829638324677944 	   0.051082499318328 	  -0.045269765024095 	  -0.009999997995595 
5064886549.500531 	-63434716.896439962089062 	47472422.800278022885323 	   0.054398953515449 	  -0.047756447151795 	  -0.009999997995595 
5091543847.129481 	-61938520.447592385113239 	46164936.709990397095680 	   0.057885477154175 	  -0.050360309809454 	  -0.009999997995595 
5118201144.758431 	-60346848.024520330131054 	44786294.287458650767803 	   0.061566644853361 	  -0.053098089376180 	  -0.009999997995595 
5144858442.387382 	-58654129.012134909629822 	43332666.613963775336742 	   0.065472057518944 	  -0.055989846250432 	  -0.009999997995595 
5171515740.016332 	-56853920.941117577254772 	41799635.474703341722488 	   0.069637811761128 	  -0.059059917368145 	  -0.009999997995595 
5198173037.645282 	-54938710.704732619225979 	40182062.821009233593941 	   0.074108536456381 	  -0.062338229156503 	  -0.009999997995595 
5224830335.274232 	-52899650.957628637552261 	38473918.574219636619091 	   0.078940277864300 	  -0.065862146528141 	  -0.009999997995595 
5251487632.903182 	-50726203.489588804543018 	36668049.014612592756748 	   0.084204690496246 	  -0.069679141293247 	  -0.009999997995595 
5278144930.532132 	-48405645.425660923123360 	34755858.157282091677189 	   0.089995303362317 	  -0.073850753474362 	  -0.009999997995595 
5304802228.161082 	-45922366.673657469451427 	32726857.716200791299343 	   0.096437211686794 	  -0.078458669263169 	  -0.009999997995595 
5331459525.790032 	-43256837.656451366841793 	30568011.278166487812996 	   0.103702680227517 	  -0.083614418440867 	  -0.009999997995595 
5358116823.418983 	-40384032.546396702528000 	28262741.921680688858032 	   0.112037509983647 	  -0.089475593157037 	  -0.009999997995595 
5384774121.047933 	-37270902.974284619092941 	25789359.490052554756403 	   0.121808331766469 	  -0.096274592899618 	  -0.009999997995595 
5411431418.676884 	-33872078.935019947588444 	23118418.584573350846767 	   0.133594090255128 	  -0.104373443002296 	  -0.009999997995595 
5438088716.305834 	-30121953.902709171175957 	20207930.334152530878782 	   0.148381439332408 	  -0.114378858905845 	  -0.009999997995595 
5464746013.934784 	-25918456.628890905529261 	16993738.131368927657604 	   0.168043177308090 	  -0.127417798444372 	  -0.009999997995594 
5491403311.563734 	-21084078.616350304335356 	13367014.777508988976479 	   0.196774099060783 	  -0.145939673669022 	  -0.009999997995594 
5518060609.192684 	-15244180.180835135281086 	9106784.880301997065544 	   0.247194340369494 	  -0.176967310845126 	  -0.009999997995594 
5544717906.821634 	-7139871.793724977411330 	3530822.651625487953424 	   0.402076497590900 	  -0.261295680960254 	  -0.009999997995595 
5571375204.450584 	-4021465.290681707672775 	-9055731.168999500572681 	  -0.130601700893064 	  -0.405044131505183 	  -0.009999997995679 
5598032502.079535 	-6661719.539209472946823 	-17840708.394896037876606 	  -0.079590789646080 	  -0.280192819677888 	  -0.009999997995680 
5624689799.708485 	-8516308.391835678368807 	-24576275.803260453045368 	  -0.061606815028083 	  -0.230240809819106 	  -0.009999997995680 
5651347097.337435 	-10012008.405949356034398 	-30284178.366968344897032 	  -0.051375451754669 	  -0.200026045542828 	  -0.009999997995680 
5678004394.966385 	-11283992.921464905142784 	-35317897.755989447236061 	  -0.044439789923743 	  -0.178691908480701 	  -0.009999997995680 
5704661692.595335 	-12396847.664362484589219 	-39854637.270343624055386 	  -0.039278037090589 	  -0.162321679110278 	  -0.009999997995680 
5731318990.224285 	-13387678.008426111191511 	-43999641.017912194132805 	  -0.035205577259313 	  -0.149086180512465 	  -0.009999997995680 
5757976287.853235 	-14280247.923421142622828 	-47822031.300276763737202 	  -0.031861300676149 	  -0.137992870137382 	  -0.009999997995680 
5784633585.482185 	-15090918.923461183905602 	-51370364.009371422231197 	  -0.029033635877922 	  -0.128446841930517 	  -0.009999997995680 
5811290883.111135 	-15831555.085681002587080 	-54680434.067913182079792 	  -0.026588969483512 	  -0.120065195567048 	  -0.009999997995680 
5837948180.740086 	-16511101.272984471172094 	-57779605.242367915809155 	  -0.024438023646565 	  -0.112587886741006 	  -0.009999997995680 
5864605478.369036 	-17136509.435869995504618 	-60689396.524100251495838 	  -0.022518457583418 	  -0.105830726889878 	  -0.009999997995680 
5891262775.997986 	-17713315.624073740094900 	-63427117.879960194230080 	  -0.020785170952162 	  -0.099658764342652 	  -0.009999997995680 
5917920073.626936 	-18246016.846110153943300 	-66006952.920488625764847 	  -0.019204572019040 	  -0.093970326016796 	  -0.009999997995680 
5944577371.255886 	-18738326.894984867423773 	-68440702.598026260733604 	  -0.017751023175892 	  -0.088686996217571 	  -0.009999997995680 
5971234668.884836 	-19193355.679526846855879 	-70738312.089232504367828 	  -0.016404547175315 	  -0.083747076321635 	  -0.009999997995680 
5997891966.513787 	-19613738.392062820494175 	-72908253.945200204849243 	  -0.015149296299255 	  -0.079101174790716 	  -0.009999997995680 
6024549264.142737 	-20001730.731408778578043 	-74957813.015217587351799 	  -0.013972500841270 	  -0.074709149328672 	  -0.009999997995680 
6051206561.771688 	-20359280.527653709053993 	-76893302.460703462362289 	  -0.012863728566285 	  -0.070537934557425 	  -0.009999997995680 
6077863859.400638 	-20688082.571532070636749 	-78720230.309691861271858 	  -0.011814351653143 	  -0.066559965620168 	  -0.009999997995680 
6104521157.029588 	-20989621.240699447691441 	-80443429.791816160082817 	  -0.010817155506268 	  -0.062752012517039 	  -0.009999997995680 
6131178454.658538 	-21265204.095775570720434 	-82067162.672132462263107 	  -0.009866046699501 	  -0.059094303572281 	  -0.009999997995680 
6157835752.287488 	-21515988.683892093598843 	-83595202.131892129778862 	  -0.008955831540655 	  -0.055569856295353 	  -0.009999997995680 
6184493049.916438 	-21743004.157224345952272 	-85030899.931480154395103 	  -0.008082045824003 	  -0.052163959530650 	  -0.009999997995680 
6211150347.545388 	-21947168.880452267825603 	-86377241.335092887282372 	  -0.007240822268309 	  -0.048863767651567 	  -0.009999997995680 
6237807645.174338 	-22129304.897341106086969 	-87636890.391212880611420 	  -0.006428786093735 	  -0.045657978875703 	  -0.009999997995680 
6264464942.803288 	-22290149.910232219845057 	-88812227.528162077069283 	  -0.005642971880030 	  -0.042536577521559 	  -0.009999997995680 
6291122240.432239 	-22430367.269702456891537 	-89905380.962110251188278 	  -0.004880756708108 	  -0.039490625413667 	  -0.009999997995680 
6317779538.061189 	-22550554.356834571808577 	-90918253.074151396751404 	  -0.004139805893722 	  -0.036512091447969 	  -0.009999997995680 
6344436835.690139 	-22651249.655238401144743 	-91852542.658458560705185 	  -0.003418028553097 	  -0.033593711054939 	  -0.009999997995680 
6371094133.319089 	-22732938.745823897421360 	-92709763.751001164317131 	  -0.002713540912917 	  -0.030728869275610 	  -0.009999997995680 
6397751430.948039 	-22796059.408565171062946 	-93491261.601109668612480 	  -0.002024635768697 	  -0.027911502617490 	  -0.009999997995680 
6424408728.576989 	-22841005.978033002465963 	-94198226.234386831521988 	  -0.001349756858909 	  -0.025136015934494 	  -0.009999997995680 
6451066026.205939 	-22868133.070403739809990 	-94831703.966611817479134 	  -0.000687477193636 	  -0.022397211381792 	  -0.009999997995680 
6477723323.834889 	-22877758.776883807033300 	-95392607.158159524202347 	  -0.000036480581043 	  -0.019690227105805 	  -0.009999997995680 
6504380621.463840 	-22870167.400477170944214 	-95881722.442546263337135 	   0.000604454249634 	  -0.017010483792999 	  -0.009999997995680 
6531037919.092790 	-22845611.798655882477760 	-96299717.617619916796684 	   0.001236467410854 	  -0.014353637555495 	  -0.009999997995680 
6557695216.721741 	-22804315.382906276732683 	-96647147.351130634546280 	   0.001860629895977 	  -0.011715537903289 	  -0.009999997995680 
6584352514.350691 	-22746473.816696900874376 	-96924457.821985125541687 	   0.002477954214688 	  -0.009092189761437 	  -0.009999997995680 
6611009811.979641 	-22672256.445652272552252 	-97131990.392950445413589 	   0.003089403889465 	  -0.006479718649836 	  -0.009999997995680 
6637667109.608591 	-22581807.487248424440622 	-97269984.388719111680984 	   0.003695902035308 	  -0.003874338263519 	  -0.009999997995680 
6664324407.237541 	-22475247.001881040632725 	-97338579.034194737672806 	   0.004298339212129 	  -0.001272319780130 	  -0.009999997995680 
6690981704.866491 	-22352671.662456423044205 	-97337814.590776443481445 	   0.004897580714109 	   0.001330037716349 	  -0.009999997995680 
6717639002.495441 	-22214155.335536859929562 	-97267632.712726429104805 	   0.005494473441755 	   0.003936436266734 	  -0.009999997995680 
6744296300.124392 	-22059749.483375187963247 	-97127876.030776247382164 	   0.006089852489087 	   0.006550608074379 	  -0.009999997995680 
6770953597.753342 	-21889483.392767015844584 	-96918286.955462917685509 	   0.006684547569895 	   0.009176345101173 	  -0.009999997995680 
6797610895.382292 	-21703364.233410220593214 	-96638505.677768081426620 	   0.007279389402719 	   0.011817529792629 	  -0.009999997995680 
6824268193.011242 	-21501376.945283446460962 	-96288067.328943192958832 	   0.007875216174067 	   0.014478167542439 	  -0.009999997995680 
6850925490.640192 	-21283483.951325867325068 	-95866398.244346976280212 	   0.008472880203364 	   0.017162421568951 	  -0.009999997995680 
6877582788.269142 	-21049624.688306238502264 	-95372811.257093742489815 	   0.009073254941511 	   0.019874650964247 	  -0.009999997995680 
6904240085.898092 	-20799714.945088606327772 	-94806499.925510004162788 	   0.009677242448265 	   0.022619452796056 	  -0.009999997995680 
6930897383.527042 	-20533645.993390150368214 	-94166531.572923734784126 	   0.010285781512731 	   0.025401709300957 	  -0.009999997995680 
6957554681.155993 	-20251283.491417255252600 	-93451838.987986385822296 	   0.010899856607309 	   0.028226641414291 	  -0.009999997995680 
6984211978.784943 	-19952466.135251052677631 	-92661210.597097903490067 	   0.011520507900136 	   0.031099870151734 	  -0.009999997995680 
7010869276.413893 	-19637004.026272416114807 	-91793278.875646024942398 	   0.012148842596788 	   0.034027487708519 	  -0.009999997995680 
7037526574.042843 	-19304676.714935984462500 	-90846506.709192126989365 	   0.012786047941942 	   0.037016140600909 	  -0.009999997995680 
7064183871.671793 	-18955230.871386971324682 	-89819171.346105679869652 	   0.013433406290321 	   0.040073127776801 	  -0.009999997995680 
7090841169.300743 	-18588377.521186407655478 	-88709345.495015531778336 	   0.014092312759831 	   0.043206517418732 	  -0.009999997995680 
7117498466.929694 	-18203788.768995460122824 	-87514875.007727265357971 	   0.014764296116872 	   0.046425287224416 	  -0.009999997995680 
7144155764.558644 	-17801093.913425981998444 	-86233352.442608311772346 	   0.015451043726797 	   0.049739494378897 	  -0.009999997995680 
7170813062.187594 	-17379874.830936484038830 	-84862085.613235905766487 	   0.016154431648829 	   0.053160483375721 	  -0.009999997995680 
7197470359.816545 	-16939660.473653286695480 	-83398059.975945487618446 	   0.016876561289799 	   0.056701142517945 	  -0.009999997995680 
7224127657.445495 	-16479920.282475799322128 	-81837893.374343335628510 	   0.017619804492127 	   0.060376223654334 	  -0.009999997995680 
7250784955.074445 	-16000056.258753791451454 	-80177781.204826563596725 	   0.018386859573895 	   0.064202744967217 	  -0.009999997995680 
7277442252.703395 	-15499393.359314328059554 	-78413429.444496124982834 	   0.019180821746623 	   0.068200504173405 	  -0.009999997995680 
7304099550.332345 	-14977167.772004237398505 	-76539972.116238743066788 	   0.020005272638820 	   0.072392740500522 	  -0.009999997995680 
7330756847.961295 	-14432512.479171674698591 	-74551868.540031164884567 	   0.020864395553921 	   0.076807000136360 	  -0.009999997995680 
7357414145.590245 	-13864439.304695675149560 	-72442773.954891741275787 	   0.021763125916296 	   0.081476284598585 	  -0.009999997995680 
7384071443.219195 	-13271816.335084719583392 	-70205374.505086556077003 	   0.022707350645737 	   0.086440599818087 	  -0.009999997995680 
7410728740.848145 	-12653339.156838458031416 	-67831173.696377411484718 	   0.023704176855347 	   0.091749084641537 	  -0.009999997995680 
7437386038.477096 	-12007493.678559750318527 	-65310211.449165746569633 	   0.024762300865436 	   0.097462996967208 	  -0.009999997995680 
7464043336.106046 	-11332507.268166696652770 	-62630687.422266513109207 	   0.025892525894961 	   0.103660003528578 	  -0.009999997995680 
7490700633.734996 	-10626283.289699854329228 	-59778444.855117797851562 	   0.027108506201487 	   0.110440512738364 	  -0.009999997995680 
7517357931.363946 	-9886311.428707821294665 	-56736245.070443481206894 	   0.028427847127070 	   0.117937324899955 	  -0.009999997995680 
7544015228.992896 	-9109541.611883690580726 	-53482716.684967413544655 	   0.029873785338283 	   0.126330898009004 	  -0.009999997995680 
7570672526.621846 	-8292201.184615197591484 	-49990778.002248555421829 	   0.031477856503831 	   0.135874603974066 	  -0.009999997995680 
7597329824.250796 	-7429519.777336800470948 	-46225162.321615122258663 	   0.033284332250965 	   0.146938865510173 	  -0.009999997995680 
7623987121.879746 	-6515295.962737523019314 	-42138317.579903140664101 	   0.035358032009522 	   0.160093763036436 	  -0.009999997995680 
7650644419.508697 	-5541174.644360080361366 	-37663116.229006752371788 	   0.037799091887676 	   0.176277972967932 	  -0.009999997995680 
7677301717.137648 	-4495350.187602100893855 	-32698608.553642228245735 	   0.040773555172153 	   0.197188194768000 	  -0.009999997995680 
7703959014.766598 	-3360000.522501586005092 	-27078167.532594952732325 	   0.044584759991494 	   0.226345757375495 	  -0.009999997995680 
7730616312.395548 	-2105500.366350373718888 	-20481491.330681201070547 	   0.049866469863563 	   0.272949139199892 	  -0.009999997995680 
7757273610.024498 	-675753.194043445750140 	-12069778.502871947363019 	   0.058047503923044 	   0.376292328776353 	  -0.009999997995680 
7783930907.653448 	5064208.975298045203090 	-271056.868655304017011 	   0.606937335624960 	   0.055448301177724 	  -0.009999997995703 
7810588205.282398 	16007955.999948367476463 	1224867.829523902619258 	   0.318717795588440 	   0.052280857664174 	  -0.009999997995704 
7837245502.911348 	23471036.975156843662262 	2528250.794570131693035 	   0.249999089553027 	   0.045961372076618 	  -0.009999997995704 
7863902800.540298 	29599779.401367098093033 	3692660.541776766069233 	   0.212725612187676 	   0.041632173553419 	  -0.009999997995705 
7890560098.169249 	34918587.944460414350033 	4757202.182674161158502 	   0.187717731229508 	   0.038370306246202 	  -0.009999997995704 
7917217395.798199 	39663827.385133445262909 	5744048.147948195226490 	   0.169100593367110 	   0.035754952934826 	  -0.009999997995705 
7943874693.427149 	43968153.390516720712185 	6667254.315268213860691 	   0.154350418317928 	   0.033569111967728 	  -0.009999997995705 
7970531991.056099 	47915617.341657713055611 	7536463.424000755883753 	   0.142167341251208 	   0.031687665629489 	  -0.009999997995705 
7997189288.685049 	51563802.074544325470924 	8358670.929828480817378 	   0.131799877475564 	   0.030032309613524 	  -0.009999997995705 
8023846586.313999 	54954377.998292714357376 	9139165.304499670863152 	   0.122777072451158 	   0.028550935360638 	  -0.009999997995705 
8050503883.942949 	58118748.949229963123798 	9882072.473729226738214 	   0.114785600828539 	   0.027207182185558 	  -0.009999997995705 
8077161181.571899 	61081332.771242462098598 	10590692.033415971323848 	   0.107607156989154 	   0.025974702748559 	  -0.009999997995705 
8103818479.200850 	63861591.463966295123100 	11267715.716128639876842 	   0.101083935992087 	   0.024833809661044 	  -0.009999997995704 
8130475776.829800 	66475351.426751889288425 	11915375.304249076172709 	   0.095098383170918 	   0.023769411230313 	  -0.009999997995704 
8157133074.458750 	68935697.216531962156296 	12535546.226247908547521 	   0.089560703647487 	   0.022769685748479 	  -0.009999997995704 
8183790372.087700 	71253597.006667524576187 	13129822.202884141355753 	   0.084400832597871 	   0.021825199251280 	  -0.009999997995704 
8210447669.716650 	73438352.669572070240974 	13699570.345168784260750 	   0.079563090436040 	   0.020928300336048 	  -0.009999997995704 
8237104967.345600 	75497931.448965936899185 	14245972.673221981152892 	   0.075002517983940 	   0.020072694040581 	  -0.009999997995705 
8263762264.974551 	77439215.432432293891907 	14770057.968067334964871 	   0.070682298319268 	   0.019253134888308 	  -0.009999997995705 
8290419562.603501 	79268192.569735974073410 	15272726.591884456574917 	   0.066571902026689 	   0.018465201293626 	  -0.009999997995705 
8317076860.232451 	80990105.235384076833725 	15754770.095630798488855 	   0.062645726278871 	   0.017705126779716 	  -0.009999997995705 
8343734157.861402 	82609567.373404845595360 	16216886.896382687613368 	   0.058882078585533 	   0.016969671666650 	  -0.009999997995705 
8370391455.490352 	84130658.001514464616776 	16659694.945735044777393 	   0.055262405886344 	   0.016256024105490 	  -0.009999997995705 
8397048753.119302 	85556996.657776102423668 	17083742.062498960644007 	   0.051770701385912 	   0.015561722733211 	  -0.009999997995705 
8423706050.748252 	86891804.865450337529182 	17489514.429153643548489 	   0.048393042206763 	   0.014884595486229 	  -0.009999997995705 
8450363348.377202 	88137956.636481776833534 	17877443.627664413303137 	   0.045117224705646 	   0.014222710646518 	  -0.009999997995705 
8477020646.006152 	89298020.282679751515388 	18247912.500616107136011 	   0.041932473646262 	   0.013574337255833 	  -0.009999997995705 
8503677943.635102 	90374293.260267406702042 	18601260.057764098048210 	   0.038829207879538 	   0.012937912778955 	  -0.009999997995705 
8530335241.264052 	91368831.374903902411461 	18937785.599079698324203 	   0.035798849715879 	   0.012312016427988 	  -0.009999997995705 
8556992538.893003 	92283473.378068327903748 	19257752.188424199819565 	   0.032833668402623 	   0.011695346943278 	  -0.009999997995705 
8583649836.521953 	93119861.762851655483246 	19561389.583803076297045 	   0.029926650450427 	   0.011086703906834 	  -0.009999997995705 
8610307134.150904 	93879460.397643640637398 	19848896.708424478769302 	   0.027071391254891 	   0.010484971871214 	  -0.009999997995705 
8636964431.779854 	94563569.505644991993904 	20120443.729783590883017 	   0.024262003717995 	   0.009889106741478 	  -0.009999997995705 
8663621729.408804 	95173338.396999210119247 	20376173.800730872899294 	   0.021493040511386 	   0.009298123963794 	  -0.009999997995705 
8690279027.037754 	95709776.280358418822289 	20616204.505682818591595 	   0.018759427331288 	   0.008711088162616 	  -0.009999997995705 
8716936324.666704 	96173761.417717099189758 	20840629.046596277505159 	   0.016056405030076 	   0.008127103935162 	  -0.009999997995705 
8743593622.295654 	96566048.835621014237404 	21049517.196261644363403 	   0.013379478918760 	   0.007545307563079 	  -0.009999997995705 
8770250919.924604 	96887276.764744043350220 	21242916.040605727583170 	   0.010724373848388 	   0.006964859440072 	  -0.009999997995705 
8796908217.553555 	97137971.946065798401833 	21420850.526742551475763 	   0.008086993919275 	   0.006384937043699 	  -0.009999997995705 
8823565515.182505 	97318553.913790419697762 	21583323.829239170998335 	   0.005463385851761 	   0.005804728301380 	  -0.009999997995705 
8850222812.811455 	97429338.341326087713242 	21730317.543287310749292 	   0.002849705192904 	   0.005223425216392 	  -0.009999997995705 
8876880110.440405 	97470539.516134396195412 	21861791.710043471306562 	   0.000242184638977 	   0.004640217630141 	  -0.009999997995705 
8903537408.069355 	97442271.991127401590347 	21977684.676194313913584 	  -0.002362896169849 	   0.004054287003053 	  -0.009999997995705 
8930194705.698305 	97344551.443882301449776 	22077912.786700256168842 	  -0.004969239974135 	   0.003464800098312 	  -0.009999997995705 
8956852003.327255 	97177294.759628370404243 	22162369.906565699726343 	  -0.007580560900017 	   0.002870902450601 	  -0.009999997995705 
8983509300.956205 	96940319.339199513196945 	22230926.764271277934313 	  -0.010200613694300 	   0.002271711495902 	  -0.009999997995705 
9010166598.585155 	96633341.618408128619194 	22283430.106069162487984 	  -0.012833223748228 	   0.001666309227956 	  -0.009999997995705 
9036823896.214106 	96255974.770086929202080 	22319701.646568965166807 	  -0.015482318496293 	   0.001053734231697 	  -0.009999997995705 
9063481193.843056 	95807725.543807387351990 	22339536.796784933656454 	  -0.018151960825751 	   0.000432972923033 	  -0.009999997995705 
9090138491.472006 	95287990.180416688323021 	22342703.145913437008858 	  -0.020846385205789 	  -0.000197050203461 	  -0.009999997995705 
9116795789.100956 	94696049.318349763751030 	22328938.667358715087175 	  -0.023570037346979 	  -0.000837483553506 	  -0.009999997995705 
9143453086.729906 	94031061.785338327288628 	22297949.612675074487925 	  -0.026327618337828 	  -0.001489560920110 	  -0.009999997995705 
9170110384.358856 	93292057.141611069440842 	22249408.048823464661837 	  -0.029124134384517 	  -0.002154615820190 	  -0.009999997995705 
9196767681.987806 	92477926.807683616876602 	22182948.984042555093765 	  -0.031964953513953 	  -0.002834098100228 	  -0.009999997995705 
9223424979.616756 	91587413.569689154624939 	22098167.015168778598309 	  -0.034855870905235 	  -0.003529593331048 	  -0.009999997995704 
9250082277.245707 	90619099.205752119421959 	21994612.413709130138159 	  -0.037803184912649 	  -0.004242845642850 	  -0.009999997995704 
9276739574.874657 	89571389.915266096591949 	21871786.548424690961838 	  -0.040813786364872 	  -0.004975784823388 	  -0.009999997995704 
9303396872.503607 	88442499.155303955078125 	21729136.517370156943798 	  -0.043895264412782 	  -0.005730558728895 	  -0.009999997995704 
9330054170.132557 	87230427.389556393027306 	21566048.830522660166025 	  -0.047056033112013 	  -0.006509572359373 	  -0.009999997995704 
9356711467.761507 	85932938.128092363476753 	21381841.942961171269417 	  -0.050305484151022 	  -0.007315535356020 	  -0.009999997995704 
9383368765.390457 	84547529.471029743552208 	21175757.384724471718073 	  -0.053654172793469 	  -0.008151520230676 	  -0.009999997995704 
9410026063.019407 	83071400.152127087116241 	20946949.162328083068132 	  -0.057114046373257 	  -0.009021034396249 	  -0.009999997995704 
9436683360.648357 	81501408.789783731102943 	20694471.011812567710876 	  -0.060698727825257 	  -0.009928110124134 	  -0.009999997995704 
9463340658.277308 	79834024.664692699909210 	20417260.954482682049274 	  -0.064423871150395 	  -0.010877418046769 	  -0.009999997995704 
9489997955.906258 	78065267.814116388559341 	20114122.429976094514132 	  -0.068307612005127 	  -0.011874411961508 	  -0.009999997995704 
9516655253.535208 	76190635.500796839594841 	19783701.035685919225216 	  -0.072371145713365 	  -0.012925515806073 	  -0.009999997995704 
9543312551.164158 	74205011.086469322443008 	19424455.554368536919355 	  -0.076639478418057 	  -0.014038368293448 	  -0.009999997995704 
9569969848.793108 	72102549.871183991432190 	19034621.452371511608362 	  -0.081142417246701 	  -0.015222147677999 	  -0.009999997995704 
9596627146.422058 	69876534.321393162012100 	18612164.298657689243555 	  -0.085915896299010 	  -0.016488009920967 	  -0.009999997995704 
9623284444.051008 	67519187.931062459945679 	18154719.457898501306772 	  -0.091003783883897 	  -0.017849690625459 	  -0.009999997995704 
9649941741.679958 	65021432.122797034680843 	17659512.727972723543644 	  -0.096460394918420 	  -0.019324348951555 	  -0.009999997995704 
9676599039.308910 	62372563.038066871464252 	17123253.939500547945499 	  -0.102354062981608 	  -0.020933778463409 	  -0.009999997995704 
9703256336.937860 	59559812.897696562111378 	16541991.223425073549151 	  -0.108772351358974 	  -0.022706191137620 	  -0.009999997995704 
9729913634.566811 	56567740.338748849928379 	15910906.393371179699898 	  -0.115829885143047 	  -0.024678927912872 	  -0.009999997995704 
9756570932.195761 	53377358.975713208317757 	15224019.157119812443852 	  -0.123680541642349 	  -0.026902728368030 	  -0.009999997995704 
9783228229.824711 	49964849.541402488946915 	14473744.439026568084955 	  -0.132537230996888 	  -0.029448751998594 	  -0.009999997995704 
9809885527.453661 	46299578.167523041367531 	13650201.418221518397331 	  -0.142705654515797 	  -0.032420743138004 	  -0.009999997995704 
9836542825.082611 	42340890.715355470776558 	12740077.384631989523768 	  -0.154645637942364 	  -0.035977518553732 	  -0.009999997995704 
9863200122.711561 	38032587.058872081339359 	11724631.543992087244987 	  -0.169091823722470 	  -0.040378125198274 	  -0.009999997995704 
9889857420.340511 	33292563.867873594164848 	10575866.684424312785268 	  -0.187317686629431 	  -0.046083065897876 	  -0.009999997995704 
9916514717.969461 	27991007.069922592490911 	9248235.002168307080865 	  -0.211805385970951 	  -0.054019130511120 	  -0.009999997995704 
9943172015.598412 	21895703.056373383849859 	7657034.648367400281131 	  -0.248377696288034 	  -0.066457910261493 	  -0.009999997995704 
9969829313.227362 	14486112.805335208773613 	5600633.901679196394980 	  -0.316418733371638 	  -0.091511214018088 	  -0.009999997995704 
9996486610.856312 	3488234.748396031092852 	2047079.111236887518317 	  -0.639199291097416 	  -0.247581633771312 	  -0.009999997995705 
10023143908.485262 	-6117984.097222914919257 	11118999.458776175975800 	  -0.208545015914673 	   0.306054578060081 	  -0.009999997995688 
10049801206.114212 	-10930544.003253219649196 	17968848.553778950124979 	  -0.159993628511278 	   0.222152436153432 	  -0.009999997995688 
10076458503.743162 	-14849165.375749858096242 	23330256.241830978542566 	  -0.136050549525887 	   0.183669452221435 	  -0.009999997995688 
10103115801.372112 	-18255991.227084919810295 	27884167.986671946942806 	  -0.120466111432134 	   0.159524952534106 	  -0.009999997995688 
10129773099.001062 	-21307882.689178444445133 	31894840.082354862242937 	  -0.109014721974491 	   0.142208441880712 	  -0.009999997995688 
10156430396.630013 	-24089477.273112375289202 	35500429.093050494790077 	  -0.099998052635695 	   0.128815695023820 	  -0.009999997995688 
10183087694.258963 	-26653275.785002969205379 	38784801.037966534495354 	  -0.092572411737291 	   0.117940967610308 	  -0.009999997995688 
10209744991.887913 	-29034785.915361002087593 	41803766.864216290414333 	  -0.086260794773370 	   0.108804742111858 	  -0.009999997995688 
10236402289.516863 	-31259488.425810657441616 	44596871.015458904206753 	  -0.080768667603091 	   0.100933020796218 	  -0.009999997995688 
10263059587.145813 	-33346476.191368572413921 	47193439.885988436639309 	  -0.075902099593635 	   0.094017624374939 	  -0.009999997995688 
10289716884.774763 	-35310534.190581023693085 	49615989.266451284289360 	  -0.071526981448632 	   0.087847703395693 	  -0.009999997995688 
10316374182.403713 	-37163411.315696187317371 	51882282.855754047632217 	  -0.067546906858353 	   0.082273082297135 	  -0.009999997995688 
10343031480.032663 	-38914640.004417963325977 	54006645.326392628252506 	  -0.063890357772168 	   0.077183260069005 	  -0.009999997995688 
10369688777.661613 	-40572087.239286199212074 	56000837.201707288622856 	  -0.060502876664990 	   0.072494707794674 	  -0.009999997995688 
10396346075.290564 	-42142338.028494969010353 	57874658.994762808084488 	  -0.057342073009365 	   0.068142834822665 	  -0.009999997995688 
10423003372.919514 	-43630970.151207454502583 	59636381.043639466166496 	  -0.054374320059247 	   0.064076714994301 	  -0.009999997995688 
10449660670.548464 	-45042755.902625717222691 	61293057.180463515222073 	  -0.051572501380150 	   0.060255513620589 	  -0.009999997995689 
10476317968.177414 	-46381813.398066386580467 	62850758.662558078765869 	  -0.048914432193368 	   0.056646000093088 	  -0.009999997995689 
10502975265.806364 	-47651722.144973054528236 	64314751.957890667021275 	  -0.046381727619231 	   0.053220774885514 	  -0.009999997995689 
10529632563.435314 	-48855612.745441704988480 	65689636.107056744396687 	  -0.043958974660887 	   0.049956979278173 	  -0.009999997995689 
10556289861.064264 	-49996237.506179437041283 	66979450.404685281217098 	  -0.041633115394039 	   0.046835338953734 	  -0.009999997995689 
10582947158.693214 	-51076026.714222699403763 	68187759.904478266835213 	  -0.039392980018451 	   0.043839443328914 	  -0.009999997995689 
10609604456.322165 	-52097133.984137155115604 	69317724.093507960438728 	  -0.037228928178829 	   0.040955194424359 	  -0.009999997995689 
10636261753.951115 	-53061473.156462028622627 	70372152.610988259315491 	  -0.035132569780392 	   0.038170379693551 	  -0.009999997995689 
10662919051.580065 	-53970748.580962873995304 	71353550.865339636802673 	  -0.033096545026731 	   0.035474336842771 	  -0.009999997995689 
10689576349.209015 	-54826480.159379184246063 	72264157.681207969784737 	  -0.031114349159830 	   0.032857687841667 	  -0.009999997995689 
10716233646.837965 	-55630024.191291235387325 	73105976.589235693216324 	  -0.029180191344156 	   0.030312125612075 	  -0.009999997995689 
10742890944.466915 	-56382590.824392095208168 	73880801.993092939257622 	  -0.027288879910481 	   0.027830241267689 	  -0.009999997995689 
10769548242.095865 	-57085258.730678156018257 	74590241.168680191040039 	  -0.025435728145863 	   0.025405382881515 	  -0.009999997995689 
10796205539.724815 	-57738987.495019949972630 	75235732.841202840209007 	  -0.023616476235675 	   0.023031538986391 	  -0.009999997995689 
10822862837.353767 	-58344628.099952690303326 	75818562.927393779158592 	  -0.021827225998497 	   0.020703241633586 	  -0.009999997995689 
10849520134.982718 	-58902931.811654448509216 	76339877.908885225653648 	  -0.020064385817866 	   0.018415485025649 	  -0.009999997995689 
10876177432.611668 	-59414557.710819669067860 	76800696.208905145525932 	  -0.018324623743303 	   0.016163656624758 	  -0.009999997995689 
10902834730.240618 	-59880079.064046926796436 	77201917.871131673455238 	  -0.016604827160227 	   0.013943478301760 	  -0.009999997995689 
10929492027.869568 	-60299988.693206436932087 	77544332.781635358929634 	  -0.014902067751846 	   0.011750955593309 	  -0.009999997995689 
10956149325.498518 	-60674703.469646967947483 	77828627.628650933504105 	  -0.013213570722595 	   0.009582333516969 	  -0.009999997995689 
10982806623.127468 	-61004568.035254471004009 	78055391.757669329643250 	  -0.011536687441176 	   0.007434057687141 	  -0.009999997995689 
11009463920.756418 	-61289857.831945218145847 	78225122.048965200781822 	  -0.009868870805704 	   0.005302739699781 	  -0.009999997995689 
11036121218.385368 	-61530781.504118114709854 	78338226.919569283723831 	  -0.008207652743746 	   0.003185125926975 	  -0.009999997995689 
11062778516.014318 	-61727482.724102206528187 	78395029.530647188425064 	  -0.006550623343578 	   0.001078068995093 	  -0.009999997995689 
11089435813.643269 	-61880041.478081144392490 	78395770.263287931680679 	  -0.004895411175056 	  -0.001021498679173 	  -0.009999997995689 
11116093111.272219 	-61988474.838830314576626 	78340608.510078519582748 	  -0.003239664402820 	  -0.003116589845874 	  -0.009999997995689 
11142750408.901169 	-62052737.241434723138809 	78229623.815899953246117 	  -0.001581032323917 	  -0.005210186369734 	  -0.009999997995689 
11169407706.530119 	-62072720.268587820231915 	78062816.388615906238556 	   0.000082853022074 	  -0.007305262631997 	  -0.009999997995689 
11196065004.159069 	-62048251.942769631743431 	77840106.988262176513672 	   0.001754395518699 	  -0.009404808831014 	  -0.009999997995689 
11222722301.788019 	-61979095.513227678835392 	77561336.191548764705658 	   0.003436054270846 	  -0.011511854623770 	  -0.009999997995689 
11249379599.416969 	-61864947.715924009680748 	77226263.016572371125221 	   0.005130363913332 	  -0.013629493563327 	  -0.009999997995689 
11276036897.045919 	-61705436.474111698567867 	76834562.880152165889740 	   0.006839956342456 	  -0.015760908816182 	  -0.009999997995689 
11302694194.674870 	-61500117.995564833283424 	76385824.846719726920128 	   0.008567584333452 	  -0.017909400690346 	  -0.009999997995689 
11329351492.303820 	-61248473.209279857575893 	75879548.112697243690491 	   0.010316147575692 	  -0.020078416572477 	  -0.009999997995689 
11356008789.932770 	-60949903.469119019806385 	75315137.653176218271255 	   0.012088721748985 	  -0.022271583964446 	  -0.009999997995689 
11382666087.561720 	-60603725.433728389441967 	74691898.937752306461334 	   0.013888591384099 	  -0.024492747432217 	  -0.009999997995689 
11409323385.190670 	-60209165.010262206196785 	74009031.598653212189674 	   0.015719287406379 	  -0.026746010440608 	  -0.009999997995689 
11435980682.819620 	-59765350.222909793257713 	73265621.905673608183861 	   0.017584630463734 	  -0.029035783257242 	  -0.009999997995689 
11462637980.448570 	-59271302.834504306316376 	72460633.867402926087379 	   0.019488781403643 	  -0.031366838382669 	  -0.009999997995689 
11489295278.077520 	-58725928.508732393383980 	71592898.734829396009445 	   0.021436300608323 	  -0.033744375321765 	  -0.009999997995689 
11515952575.706470 	-58128005.249142043292522 	70661102.629037469625473 	   0.023432218350449 	  -0.036174096982366 	  -0.009999997995689 
11542609873.335421 	-57476169.785871073603630 	69663771.945859968662262 	   0.025482118932707 	  -0.038662300610737 	  -0.009999997995689 
11569267170.964371 	-56768901.497173264622688 	68599256.102219462394714 	   0.027592242178281 	  -0.041215987005907 	  -0.009999997995689 
11595924468.593321 	-56004503.343996211886406 	67465707.074959471821785 	   0.029769606925020 	  -0.043842992876911 	  -0.009999997995689 
11622581766.222271 	-55181079.153113767504692 	66261055.033983476459980 	   0.032022162658633 	  -0.046552152735085 	  -0.009999997995689 
11649239063.851221 	-54296506.394956000149250 	64982979.174595423042774 	   0.034358977469104 	  -0.049353498819287 	  -0.009999997995689 
11675896361.480171 	-53348403.348059698939323 	63628872.590436138212681 	   0.036790473383063 	  -0.052258510490968 	  -0.009999997995689 
11702553659.109121 	-52334089.196358263492584 	62195799.671362452208996 	   0.039328724198810 	  -0.055280428695973 	  -0.009999997995689 
11729210956.738071 	-51250535.128840990364552 	60680444.020057797431946 	   0.041987836827402 	  -0.058434657069236 	  -0.009999997995689 
11755868254.367022 	-50094303.843770503997803 	59079044.197025120258331 	   0.044784445766775 	  -0.061739279998876 	  -0.009999997995689 
11782525551.995972 	-48861473.909768566489220 	57387313.633728243410587 	   0.047738363230791 	  -0.065215740981884 	  -0.009999997995689 
11809182849.624922 	-47547544.059062570333481 	55600339.653635650873184 	   0.050873447142553 	  -0.068889744387978 	  -0.009999997995689 
11835840147.253872 	-46147310.451035939157009 	53712454.479192659258842 	   0.054218779963332 	  -0.072792474515072 	  -0.009999997995689 
11862497444.882822 	-44654706.861394189298153 	51717067.998022012412548 	   0.057810300654011 	  -0.076962274901131 	  -0.009999997995689 
11889154742.511772 	-43062592.966623187065125 	49606447.267584115266800 	   0.061693113495095 	  -0.081447011434177 	  -0.009999997995689 
11915812040.140722 	-41362468.246863305568695 	47371420.121656991541386 	   0.065924836434120 	  -0.086307479460993 	  -0.009999997995689 
11942469337.769672 	-39544076.402463719248772 	45000967.744236335158348 	   0.070580597848734 	  -0.091622455663097 	  -0.009999997995689 
11969126635.398624 	-37594843.514494106173515 	42481649.784089118242264 	   0.075760746462039 	  -0.097496437593003 	  -0.009999997995689 
11995783933.027575 	-35499054.313691191375256 	39796767.682354152202606 	   0.081603227526610 	  -0.104071968357865 	  -0.009999997995689 
12022441230.656525 	-33236597.405643314123154 	36925100.820877477526665 	   0.088304418694443 	  -0.111550197922969 	  -0.009999997995689 
12049098528.285475 	-30780962.039984025061131 	33838908.214388869702816 	   0.096156324125313 	  -0.120227203772062 	  -0.009999997995689 
12075755825.914425 	-28095845.357762042433023 	30500582.327641222625971 	   0.105618064570208 	  -0.130562944205118 	  -0.009999997995689 
12102413123.543375 	-25128947.381082855165005 	26856612.436390567570925 	   0.117467224667012 	  -0.143325066423231 	  -0.009999997995689 
12129070421.172325 	-21799371.671929985284805 	22825534.961038585752249 	   0.133165650021766 	  -0.159929992326609 	  -0.009999997995689 
12155727718.801275 	-17967834.196119084954262 	18270078.720053318887949 	   0.155934447498407 	  -0.183420277181665 	  -0.009999997995689 
12182385016.430225 	-13346315.765280738472939 	12915445.884835062548518 	   0.195140913859242 	  -0.222303290093219 	  -0.009999997995689 
12209042314.059175 	-7031001.534446578472853 	5953478.815958030521870 	   0.304753404475982 	  -0.321497843742428 	  -0.009999997995688 
12235699611.688126 	-5334458.049093838781118 	-6890558.190712143667042 	  -0.237325177515175 	  -0.390172021914562 	  -0.009999997995787 
12262356909.317076 	-10113552.307299140840769 	-15181204.932269286364317 	  -0.144881866514746 	  -0.261636118187390 	  -0.009999997995787 
12289014206.946026 	-13516482.756104331463575 	-21453039.346444774419069 	  -0.113996679091369 	  -0.213983333589011 	  -0.009999997995787 
12315671504.574976 	-16304130.017169862985611 	-26754048.672219239175320 	  -0.096453614963900 	  -0.185678030608644 	  -0.009999997995787 
12342328802.203926 	-18707465.124746799468994 	-31426105.215297322720289 	  -0.084508711105658 	  -0.165849011443270 	  -0.009999997995787 
12368986099.832876 	-20836019.238001637160778 	-35637262.260848276317120 	  -0.075569108188575 	  -0.150697641844917 	  -0.009999997995787 
12395643397.461826 	-22752662.172140270471573 	-39486324.646989189088345 	  -0.068476009121692 	  -0.138478264005859 	  -0.009999997995787 
12422300695.090776 	-24497707.740089789032936 	-43037787.759132362902164 	  -0.062619441426760 	  -0.128252861118780 	  -0.009999997995787 
12448957992.719727 	-26098967.462686594575644 	-46336772.158918693661690 	  -0.057642041771011 	  -0.119462866296177 	  -0.009999997995787 
12475615290.348677 	-27576653.387161165475845 	-49416444.118547126650810 	  -0.053317910271486 	  -0.111750433329935 	  -0.009999997995787 
12502272587.977627 	-28946038.810539714992046 	-52302103.751752533018589 	  -0.049495882394819 	  -0.104873369854249 	  -0.009999997995787 
12528929885.606577 	-30219019.914828494191170 	-55013614.719145633280277 	  -0.046070217550036 	  -0.098660584885954 	  -0.009999997995787 
12555587183.235527 	-31405089.121283724904060 	-57566934.965328730642796 	  -0.042964271413951 	  -0.092986983444923 	  -0.009999997995787 
12582244480.864477 	-32511971.416875716298819 	-59975126.807554900646210 	  -0.040120843446040 	  -0.087758475364255 	  -0.009999997995787 
12608901778.493427 	-33546056.817672517150640 	-62249049.084818594157696 	  -0.037496188167423 	  -0.082902591544923 	  -0.009999997995787 
12635559076.122377 	-34512703.909251920878887 	-64397846.539670631289482 	  -0.035056147649022 	  -0.078362375780096 	  -0.009999997995787 
12662216373.751328 	-35416458.770847082138062 	-66429305.106380052864552 	  -0.032773567995090 	  -0.074092275182364 	  -0.009999997995787 
12688873671.380278 	-36261216.585001222789288 	-68350115.745935261249542 	  -0.030626522891168 	  -0.070055295919825 	  -0.009999997995787 
12715530969.009228 	-37050343.359092339873314 	-70166074.233367621898651 	  -0.028597061113106 	  -0.066220985812406 	  -0.009999997995787 
12742188266.638178 	-37786769.224628098309040 	-71882235.043176904320717 	  -0.026670303886455 	  -0.062563972347468 	  -0.009999997995787 
12768845564.267128 	-38473061.060710079967976 	-73503031.663295596837997 	  -0.024833781660779 	  -0.059062882893051 	  -0.009999997995787 
12795502861.896078 	-39111479.798324555158615 	-75032371.909694507718086 	  -0.023076938324977 	  -0.055699533578065 	  -0.009999997995787 
12822160159.525028 	-39704026.186769805848598 	-76473714.322650417685509 	  -0.021390754814314 	  -0.052458310649346 	  -0.009999997995787 
12848817457.153978 	-40252477.741010181605816 	-77830130.036978155374527 	  -0.019767459335328 	  -0.049325692082308 	  -0.009999997995787 
12875474754.782928 	-40758418.857306718826294 	-79104353.350479647517204 	  -0.018200301418154 	  -0.046289872962434 	  -0.009999997995787 
12902132052.411879 	-41223265.571574866771698 	-80298823.392109856009483 	  -0.016683373668889 	  -0.043340468708490 	  -0.009999997995787 
12928789350.040829 	-41648286.069187991321087 	-81415718.702192470431328 	  -0.015211469626937 	  -0.040468277417891 	  -0.009999997995787 
12955446647.669779 	-42034617.790165834128857 	-82456986.108724951744080 	  -0.013779969268777 	  -0.037665087623889 	  -0.009999997995787 
12982103945.298729 	-42383281.779274202883244 	-83424364.968123197555542 	  -0.012384745904594 	  -0.034923521289116 	  -0.009999997995787 
13008761242.927679 	-42695194.785977736115456 	-84319407.603054046630859 	  -0.011022089786746 	  -0.032236904389696 	  -0.009999997995787 
13035418540.556629 	-42971179.510348014533520 	-85143496.591923907399178 	  -0.009688644885437 	  -0.029599159278204 	  -0.009999997995787 
13062075838.185579 	-43211973.308188244700432 	-85897859.428502261638641 	  -0.008381356118112 	  -0.027004714358954 	  -0.009999997995787 
13088733135.814531 	-43418235.604893729090691 	-86583580.965030953288078 	  -0.007097424933687 	  -0.024448427606540 	  -0.009999997995787 
13115390433.443481 	-43590554.218030206859112 	-87201613.970129176974297 	  -0.005834271611868 	  -0.021925521205046 	  -0.009999997995787 
13142047731.072432 	-43729450.749726153910160 	-87752788.068076729774475 	  -0.004589502983801 	  -0.019431525148895 	  -0.009999997995787 
13168705028.701382 	-43835385.179148063063622 	-88237817.274470448493958 	  -0.003360884543134 	  -0.016962228074557 	  -0.009999997995787 
13195362326.330332 	-43908759.760644994676113 	-88657306.301670551300049 	  -0.002146316117611 	  -0.014513633919737 	  -0.009999997995787 
13222019623.959282 	-43949922.313172906637192 	-89011755.773536890745163 	  -0.000943810425731 	  -0.012081923257569 	  -0.009999997995787 
13248676921.588232 	-43959168.970261268317699 	-89301566.460908070206642 	   0.000248526037844 	  -0.009663418345811 	  -0.009999997995787 
13275334219.217182 	-43936746.446227885782719 	-89527042.625732675194740 	   0.001432510252721 	  -0.007254551077942 	  -0.009999997995787 
13301991516.846132 	-43882853.862949736416340 	-89688394.541643559932709 	   0.002609898453114 	  -0.004851833133980 	  -0.009999997995787 
13328648814.475082 	-43797644.171733625233173 	-89785740.241188079118729 	   0.003782400778680 	  -0.002451827710548 	  -0.009999997995787 
