  0.000000 	   0.000000000000000 	-99899999.999999910593033 	   0.004474373701427 	   0.000000000000000 	  -0.010003006451803 
26657297.628950 	119260.530118265363853 	-99864372.645182609558105 	   0.004472777436483 	   0.002673307726069 	  -0.010003006451803 
53314595.257900 	238435.875128602754558 	-99757439.840566858649254 	   0.004467979533840 	   0.005350424787699 	  -0.010003006451803 
79971892.886850 	357440.363100591523107 	-99579048.967321380972862 	   0.004459952530024 	   0.008035190453636 	  -0.010003006451803 
106629190.515801 	476187.340956091822591 	-99328944.325355321168900 	   0.004448650181630 	   0.010731504428771 	  -0.010003006451803 
133286488.144751 	594588.664914139662869 	-99006765.103490397334099 	   0.004434006744098 	   0.013443358516602 	  -0.010003006451803 
159943785.773701 	712554.167519635288045 	-98612042.483199059963226 	   0.004415935931637 	   0.016174870071969 	  -0.010003006451803 
186601083.402651 	829991.092351706349291 	-98144195.819089919328690 	   0.004394329526145 	   0.018930317939236 	  -0.010003006451803 
213258381.031601 	946803.486496367375366 	-97602527.819634273648262 	   0.004369055591018 	   0.021714181662677 	  -0.010003006451803 
239915678.660551 	1062891.539507525740191 	-96986218.629083603620529 	   0.004339956231507 	   0.024531184879913 	  -0.010003006451803 
266572976.289502 	1178150.855801260098815 	-96294318.685153827071190 	   0.004306844825797 	   0.027386343973603 	  -0.010003006451803 
293230273.918452 	1292471.645127475261688 	-95525740.195651009678841 	   0.004269502629203 	   0.030285023271681 	  -0.010003006451803 
319887571.547402 	1405737.812807299196720 	-94679247.039246901869774 	   0.004227674626199 	   0.033232998366714 	  -0.010003006451803 
346544869.176352 	1517825.927631331142038 	-93753442.849089652299881 	   0.004181064469448 	   0.036236529490312 	  -0.010003006451803 
373202166.805302 	1628604.040437023853883 	-92746756.980248734354973 	   0.004129328298679 	   0.039302447356158 	  -0.010003006451803 
399859464.434252 	1737930.320086540887132 	-91657427.989674463868141 	   0.004072067171301 	   0.042438254513095 	  -0.010003006451803 
426516762.063203 	1845651.465389349963516 	-90483484.165715441107750 	   0.004008817755414 	   0.045652246080761 	  -0.010003006451803 
453174059.692153 	1951600.840817235410213 	-89222720.526952445507050 	   0.003939040826504 	   0.048953654849377 	  -0.010003006451803 
479831357.321103 	2055596.269749388564378 	-87872671.558392971754074 	   0.003862106960106 	   0.052352827219736 	  -0.010003006451803 
506488654.950053 	2157437.400194822810590 	-86430578.754734978079796 	   0.003777278607181 	   0.055861438494176 	  -0.010003006451803 
533145952.579003 	2256902.532650421839207 	-84893351.778199627995491 	   0.003683687451831 	   0.059492758832428 	  -0.010003006451803 
559803250.207953 	2353744.765319687779993 	-83257521.687657237052917 	   0.003580305544341 	   0.063261985097125 	  -0.010003006451803 
586460547.836904 	2447687.264432408846915 	-81519184.220488265156746 	   0.003465908117826 	   0.067186659347304 	  -0.010003006451803 
613117845.465854 	2538417.400991558097303 	-79673930.455870687961578 	   0.003339025142600 	   0.071287202687762 	  -0.010003006451803 
639775143.094804 	2625579.400957650505006 	-77716761.278031125664711 	   0.003197877402051 	   0.075587604796298 	  -0.010003006451803 
666432440.723754 	2708765.019633600022644 	-75641980.768368810415268 	   0.003040290947925 	   0.080116326734268 	  -0.010003006451803 
693089738.352704 	2787501.550483529921621 	-73443061.794772729277611 	   0.002863580809910 	   0.084907500896249 	  -0.010003006451803 
719747035.981654 	2861236.177266848739237 	-71112474.328325569629669 	   0.002664390103479 	   0.090002552737263 	  -0.010003006451803 
746404333.610605 	2929315.214855208061635 	-68641462.897772908210754 	   0.002438462975442 	   0.095452433899287 	  -0.010003006451803 
773061631.239555 	2990956.052292548585683 	-66019753.237323105335236 	   0.002180316900950 	   0.101320762891317 	  -0.010003006451803 
799718928.868505 	3045208.421567678451538 	-63235158.101110160350800 	   0.001882757416764 	   0.107688349846544 	  -0.010003006451803 
826376226.497455 	3090899.613657764624804 	-60273035.699273981153965 	   0.001536137926751 	   0.114659898726071 	  -0.010003006451803 
853033524.126405 	3126554.761897180229425 	-57115526.125104665756226 	   0.001127190945365 	   0.122374261134763 	  -0.010003006451803 
879690821.755355 	3150276.902680863626301 	-53740441.277525022625923 	   0.000637105632783 	   0.131020734899566 	  -0.010003006451803 
906348119.384306 	3159559.137443999759853 	-50119590.590753801167011 	   0.000038206262841 	   0.140866187705222 	  -0.010003006451803 
933005417.013256 	3150975.673939958680421 	-46216139.611714251339436 	  -0.000712143156930 	   0.152302807129150 	  -0.010003006451803 
959662714.642206 	3119641.422280659899116 	-41980200.980833098292351 	  -0.001683606141318 	   0.165938320109617 	  -0.010003006451803 
986320012.271156 	3058188.434230975341052 	-37340918.065837219357491 	  -0.002999242491101 	   0.182782850996193 	  -0.010003006451803 
1012977309.900106 	2954606.632559852208942 	-32190779.738383565098047 	  -0.004901430660271 	   0.204687419602891 	  -0.010003006451803 
1039634607.529056 	2786921.335234968457371 	-26349810.226060986518860 	  -0.007952548783681 	   0.235578261838765 	  -0.010003006451803 
1066291905.158007 	2506329.901722892187536 	-19463022.604449670761824 	  -0.013880931526822 	   0.286137437995253 	  -0.010003006451803 
1092949202.786957 	1947551.137567031662911 	-10537120.248855324462056 	  -0.032901847500060 	   0.407527505173327 	  -0.010003006451803 
1119606500.415907 	6966191.418301298283041 	1687779.909930502530187 	   0.477344832933254 	   0.179817475100601 	  -0.010003006451849 
1146263798.044857 	16367595.957629727199674 	5556025.134547958150506 	   0.283910697927168 	   0.123683704782514 	  -0.010003006451849 
1172921095.673807 	23063656.120401352643967 	8547508.115837708115578 	   0.225416386189220 	   0.102921163530008 	  -0.010003006451848 
1199578393.302757 	28601291.578260563313961 	11113509.075547685846686 	   0.192508079409587 	   0.090430539240862 	  -0.010003006451848 
1226235690.931708 	33418184.819803159683943 	13400467.375635711476207 	   0.170095904414215 	   0.081582963446563 	  -0.010003006451848 
1252892988.560658 	37718905.231859117746353 	15480838.196521520614624 	   0.153277829534543 	   0.074759837104949 	  -0.010003006451848 
1279550286.189608 	41620323.419450052082539 	17397514.211901102215052 	   0.139888688277026 	   0.069213911341451 	  -0.010003006451848 
1306207583.818558 	45197279.609719112515450 	19178667.429190274327993 	   0.128794844641844 	   0.064541570863159 	  -0.010003006451848 
1332864881.447508 	48501408.030164286494255 	20844113.703638348728418 	   0.119333746841883 	   0.060501256351176 	  -0.010003006451848 
1359522179.076458 	51570260.694879792630672 	22408487.622244603931904 	   0.111086957195097 	   0.056937479052985 	  -0.010003006451848 
1386179476.705409 	54432242.217328339815140 	23882998.710393194109201 	   0.103774486239939 	   0.053744540637010 	  -0.010003006451848 
1412836774.334359 	57109500.917610727250576 	25276479.288853351026773 	   0.097200389483166 	   0.050847468770592 	  -0.010003006451848 
1439494071.963309 	59619729.234339170157909 	26596047.076833598315716 	   0.091222529018983 	   0.048191238805130 	  -0.010003006451848 
1466151369.592259 	61977340.381888471543789 	27847543.939725406467915 	   0.085734720884484 	   0.045734317127807 	  -0.010003006451848 
1492808667.221209 	64194268.095464721322060 	29035837.506585452705622 	   0.080655666676275 	   0.043444607238497 	  -0.010003006451848 
1519465964.850159 	66280528.141191296279430 	30165035.069315142929554 	   0.075921807814481 	   0.041296803220871 	  -0.010003006451848 
1546123262.479110 	68244623.491061061620712 	31238639.306222535669804 	   0.071482552243018 	   0.039270604215897 	  -0.010003006451848 
1572780560.108060 	70093843.595696374773979 	32259664.221318162977695 	   0.067296991621794 	   0.037349475378994 	  -0.010003006451848 
1599437857.737010 	71834489.934130415320396 	33230723.149176266044378 	   0.063331585959958 	   0.035519766824347 	  -0.010003006451848 
1626095155.365960 	73472049.010687515139580 	34154096.690114580094814 	   0.059558494195220 	   0.033770073594556 	  -0.010003006451848 
1652752452.994910 	75011327.102152183651924 	35031785.932097993791103 	   0.055954346868745 	   0.032090761852149 	  -0.010003006451848 
1679409750.623860 	76456556.647626578807831 	35865554.691186279058456 	   0.052499328060261 	   0.030473612162610 	  -0.010003006451848 
1706067048.252810 	77811481.266028806567192 	36656963.423292323946953 	   0.049176477903518 	   0.028911546830433 	  -0.010003006451848 
1732724345.881761 	79079424.425111025571823 	37407396.727059178054333 	   0.045971155187584 	   0.027398418597844 	  -0.010003006451848 
1759381643.510711 	80263345.435652166604996 	38118085.849699988961220 	   0.042870617967997 	   0.025928844824626 	  -0.010003006451848 
1786038941.139661 	81365885.497418418526649 	38790127.249174930155277 	   0.039863692404404 	   0.024498075840699 	  -0.010003006451848 
1812696238.768611 	82389405.847969487309456 	39424498.008901514112949 	   0.036940508403467 	   0.023101889292479 	  -0.010003006451848 
1839353536.397561 	83336019.576108798384666 	40022068.713911332190037 	   0.034092286433440 	   0.021736504481975 	  -0.010003006451848 
1866010834.026511 	84207618.302378654479980 	40583614.259063996374607 	   0.031311163946217 	   0.020398512236744 	  -0.010003006451848 
1892668131.655462 	85005894.661544486880302 	41109822.956491753458977 	   0.028590052745460 	   0.019084816951984 	  -0.010003006451848 
1919325429.284412 	85732361.320571064949036 	41601304.231144830584526 	   0.025922520737407 	   0.017792588246856 	  -0.010003006451848 
1945982726.913362 	86388367.112131729722023 	42058595.133353099226952 	   0.023302693035723 	   0.016519220265230 	  -0.010003006451848 
1972640024.542312 	86975110.745517686009407 	42482165.850913688540459 	   0.020725168526777 	   0.015262297087488 	  -0.010003006451848 
1999297322.171262 	87493652.464854419231415 	42872424.366900831460953 	   0.018184948849521 	   0.014019563046958 	  -0.010003006451848 
2025954619.800212 	87944923.952258765697479 	43229720.380676284432411 	   0.015677377382920 	   0.012788896991361 	  -0.010003006451848 
2052611917.429163 	88329736.716150045394897 	43554348.586612142622471 	   0.013198086318888 	   0.011568289717259 	  -0.010003006451848 
2079269215.058113 	88648789.158859118819237 	43846551.386449441313744 	   0.010742950269137 	   0.010355823948652 	  -0.010003006451848 
2105926512.687063 	88902672.480265110731125 	44106521.095981486141682 	   0.008308045138526 	   0.009149656340442 	  -0.010003006451848 
2132583810.316013 	89091875.543447852134705 	44334401.694068938493729 	   0.005889611215871 	   0.007948001071024 	  -0.010003006451848 
2159241107.944963 	89216788.802705362439156 	44530290.151264734566212 	   0.003484019600683 	   0.006749114651674 	  -0.010003006451848 
2185898405.573914 	89277707.372568726539612 	44694237.366061925888062 	   0.001087741211788 	   0.005551281627527 	  -0.010003006451848 
2212555703.202864 	89274833.297682225704193 	44826248.728587508201599 	  -0.001302682280759 	   0.004352800878890 	  -0.010003006451848 
2239213000.831814 	89208277.066835537552834 	44926284.324127420783043 	  -0.003690666189907 	   0.003151972254421 	  -0.010003006451848 
2265870298.460764 	89078058.399388998746872 	44994258.781905919313431 	  -0.006079609754644 	   0.001947083280615 	  -0.010003006451848 
2292527596.089714 	88884106.318271830677986 	45030040.767799213528633 	  -0.008472922807287 	   0.000736395696027 	  -0.010003006451848 
2319184893.718664 	88626258.510155379772186 	45033452.112915612757206 	  -0.010874052671555 	  -0.000481868446250 	  -0.010003006451848 
2345842191.347614 	88304259.959821894764900 	45004266.562970243394375 	  -0.013286511806610 	  -0.001709541378104 	  -0.010003006451848 
2372499488.976564 	87917760.831693574786186 	44942208.125890143215656 	  -0.015713906739188 	  -0.002948525211727 	  -0.010003006451848 
2399156786.605515 	87466313.556471660733223 	44846948.986817337572575 	  -0.018159968872592 	  -0.004200808859076 	  -0.010003006451848 
2425814084.234465 	86949369.064259856939316 	44718106.950324974954128 	  -0.020628587830400 	  -0.005468486651238 	  -0.010003006451848 
2452471381.863415 	86366272.086808934807777 	44555242.358841769397259 	  -0.023123848088389 	  -0.006753779096640 	  -0.010003006451848 
2479128679.492365 	85716255.429805606603622 	44357854.423525251448154 	  -0.025650069776137 	  -0.008059056299727 	  -0.010003006451848 
2505785977.121315 	84998433.090481027960777 	44125376.888548217713833 	  -0.028211854698249 	  -0.009386864669179 	  -0.010003006451848 
2532443274.750266 	84211792.065030917525291 	43857172.931217320263386 	  -0.030814138845168 	  -0.010739957684170 	  -0.010003006451848 
2559100572.379216 	83355182.652823343873024 	43552529.177548170089722 	  -0.033462252950537 	  -0.012121331668247 	  -0.010003006451848 
2585757870.008166 	82427307.018096193671227 	43210648.684597685933113 	  -0.036161993026887 	  -0.013534267756706 	  -0.010003006451848 
2612415167.637116 	81426705.712093278765678 	42830642.705302670598030 	  -0.038919703303328 	  -0.014982381553322 	  -0.010003006451848 
2639072465.266066 	80351741.785728290677071 	42411521.006490387022495 	  -0.041742374638322 	  -0.016469682382124 	  -0.010003006451848 
2665729762.895016 	79200582.029985144734383 	41952180.453001223504543 	  -0.044637762344785 	  -0.018000644586100 	  -0.010003006451848 
2692387060.523966 	77971174.761608928442001 	41451391.496195055544376 	  -0.047614528525042 	  -0.019580294059869 	  -0.010003006451848 
2719044358.152917 	76661223.415867522358894 	40907782.107526436448097 	  -0.050682415586849 	  -0.021214314203088 	  -0.010003006451848 
2745701655.781867 	75268155.003090545535088 	40319818.568920180201530 	  -0.053852459770341 	  -0.022909176856891 	  -0.010003006451848 
2772358953.410817 	73789082.212585940957069 	39685782.359298884868622 	  -0.057137256513415 	  -0.024672305702100 	  -0.010003006451848 
2799016251.039767 	72220757.579265430569649 	39003742.143277399241924 	  -0.060551293702675 	  -0.026512282305360 	  -0.010003006451848 
2825673548.668717 	70559517.625053405761719 	38271519.547927565872669 	  -0.064111374885285 	  -0.028439108881913 	  -0.010003006451848 
2852330846.297668 	68801214.189417824149132 	37486646.967862263321877 	  -0.067837163270230 	  -0.030464547504485 	  -0.010003006451848 
2878988143.926618 	66941129.180558167397976 	36646315.008470863103867 	  -0.071751890286244 	  -0.032602563891979 	  -0.010003006451848 
2905645441.555568 	64973867.570249982178211 	35747306.269492663443089 	  -0.075883291970363 	  -0.034869916641175 	  -0.010003006451848 
2932302739.184518 	62893221.397506311535835 	34785910.838642857968807 	  -0.080264866519445 	  -0.037286952478179 	  -0.010003006451848 
2958960036.813468 	60691994.474940434098244 	33757816.865966714918613 	  -0.084937593797363 	  -0.039878699400364 	  -0.010003006451848 
2985617334.442418 	58361772.796920910477638 	32657966.516748577356339 	  -0.089952334605052 	  -0.042676400655773 	  -0.010003006451848 
3012274632.071369 	55892618.275748096406460 	31480362.745854053646326 	  -0.095373256415659 	  -0.045719718529531 	  -0.010003006451848 
3038931929.700319 	53272651.492101617157459 	30217804.422136206179857 	  -0.101282855738834 	  -0.049059987067595 	  -0.010003006451848 
3065589227.329269 	50487469.114347912371159 	28861513.957677412778139 	  -0.107789550726444 	  -0.052765166025195 	  -0.010003006451848 
3092246524.958219 	47519306.624567545950413 	27400598.030850227922201 	  -0.115039581282269 	  -0.056927669693346 	  -0.010003006451848 
3118903822.587169 	44345792.739394880831242 	25821238.365765523165464 	  -0.123236482355443 	  -0.061677297541149 	  -0.010003006451848 
3145561120.216119 	40938016.980250284075737 	24105423.839782390743494 	  -0.132674667367542 	  -0.067203771942628 	  -0.010003006451848 
3172218417.845069 	37257371.034579053521156 	22228854.218637544661760 	  -0.143801261077975 	  -0.073798748001680 	  -0.010003006451848 
3198875715.474020 	33250029.264726445078850 	20157227.122676238417625 	  -0.157339924011784 	  -0.081941180541695 	  -0.010003006451848 
3225533013.102970 	28836407.673125967383385 	17839028.771052632480860 	  -0.174568337960380 	  -0.092492091971051 	  -0.010003006451848 
3252190310.731920 	23888353.091623798012733 	15189600.881700379773974 	  -0.198047818736248 	  -0.107218667586610 	  -0.010003006451848 
3278847608.360870 	18169329.674191955476999 	12048133.088656872510910 	  -0.234087685244052 	  -0.130622851586787 	  -0.010003006451848 
3305504905.989820 	11111719.222685953602195 	8009816.460216077975929 	  -0.306184824468169 	  -0.180484610340626 	  -0.010003006451848 
3332162203.618771 	-991919.354285615263507 	1834937.449748494429514 	  -0.641347099591278 	   0.735787516799351 	  -0.010003006452023 
3358819501.247721 	-10355263.641455542296171 	10485757.634578118100762 	  -0.259931083832046 	   0.220041178368605 	  -0.010003006452024 
3385476798.876671 	-16430710.562741361558437 	15508441.480763433501124 	  -0.203550308506441 	   0.164920324336770 	  -0.010003006452024 
3412134096.505621 	-21428911.560007434338331 	19505931.310337793081999 	  -0.173825558384268 	   0.137367661479630 	  -0.010003006452024 
3438791394.134571 	-25783979.533647514879704 	22916202.703808985650539 	  -0.154033785583363 	   0.119565698416247 	  -0.010003006452024 
3465448691.763521 	-29685694.068317841738462 	25922913.126134641468525 	  -0.139331612648755 	   0.106613352221502 	  -0.010003006452024 
3492105989.392471 	-33239272.610194012522697 	28625330.666588377207518 	  -0.127684740524821 	   0.096513182567180 	  -0.010003006452024 
3518763287.021421 	-36510980.319641970098019 	31084854.184893433004618 	  -0.118057607657761 	   0.088269708412963 	  -0.010003006452024 
3545420584.650372 	-39546066.871907964348793 	33342834.897570304572582 	  -0.109855598187517 	   0.081320530574737 	  -0.010003006452024 
3572077882.279322 	-42377217.632866911590099 	35428814.313840255141258 	  -0.102707635118498 	   0.075319239410820 	  -0.010003006452024 
3598735179.908272 	-45029039.594730578362942 	37364831.943594180047512 	  -0.096367503785529 	   0.070038483595960 	  -0.010003006452024 
3625392477.537222 	-47520654.868004791438580 	39167885.376274235546589 	  -0.090663952198939 	   0.065321603065817 	  -0.010003006452024 
3652049775.166173 	-49867300.059170968830585 	40851431.771009184420109 	  -0.085473322438976 	   0.061056396946936 	  -0.010003006452024 
3678707072.795123 	-52081363.823443628847599 	42426353.271566115319729 	  -0.080703555829789 	   0.057159940112659 	  -0.010003006452024 
3705364370.424073 	-54173088.015417151153088 	43901604.347511231899261 	  -0.076284355059634 	   0.053569322836732 	  -0.010003006452024 
3732021668.053023 	-56151057.737167298793793 	45284661.126863218843937 	  -0.072160873114315 	   0.050235754525433 	  -0.010003006452024 
3758678965.681973 	-58022553.655510932207108 	46581842.459688916802406 	  -0.068289519196244 	   0.047120671528995 	  -0.010003006452024 
3785336263.310923 	-59793811.458235241472721 	47798545.054223701357841 	  -0.064635086433673 	   0.044193087775592 	  -0.010003006452024 
3811993560.939873 	-61470216.916074454784393 	48939419.374121807515621 	  -0.061168733127155 	   0.041427743028756 	  -0.010003006452024 
3838650858.568824 	-63056455.189280152320862 	50008503.668523021042347 	  -0.057866531433411 	   0.038803778445126 	  -0.010003006452024 
3865308156.197774 	-64556626.921420715749264 	51009327.761954203248024 	  -0.054708402993239 	   0.036303769862316 	  -0.010003006452024 
3891965453.826724 	-65974339.765671633183956 	51944994.578607529401779 	  -0.051677324394477 	   0.033913009371254 	  -0.010003006452024 
3918622751.455674 	-67312781.430157750844955 	52818244.989754505455494 	  -0.048758724578176 	   0.031618962731378 	  -0.010003006452024 
3945280049.084624 	-68574778.609059199690819 	53631509.976971410214901 	  -0.045940021222849 	   0.029410853592119 	  -0.010003006452024 
3971937346.713574 	-69762844.985601156949997 	54386953.013024032115936 	  -0.043210259370241 	   0.027279340652895 	  -0.010003006452024 
3998594644.342525 	-70879220.667139932513237 	55086504.802294127643108 	  -0.040559826351925 	   0.025216263941960 	  -0.010003006452024 
4025251941.971475 	-71925904.824801146984100 	55731891.983903594315052 	  -0.037980224398877 	   0.023214443183124 	  -0.010003006452024 
4051909239.600425 	-72904682.885263502597809 	56324661.012709662318230 	  -0.035463887371632 	   0.021267515888763 	  -0.010003006452024 
4078566537.229375 	-73817149.310737520456314 	56866198.149861946702003 	  -0.033004031595132 	   0.019369806081804 	  -0.010003006452024 
4105223834.858325 	-74664726.771708488464355 	57357746.284698680043221 	  -0.030594533307041 	   0.017516216865700 	  -0.010003006452024 
4131881132.487276 	-75448682.342884257435799 	57800419.152397423982620 	  -0.028229827049652 	   0.015702141727446 	  -0.010003006452024 
4158538430.116226 	-76170141.220283150672913 	58195213.392451010644436 	  -0.025904820665638 	   0.013923390672080 	  -0.010003006452024 
4185195727.745176 	-76830098.355452358722687 	58543018.801550485193729 	  -0.023614823540034 	   0.012176128180898 	  -0.010003006452024 
4211853025.374126 	-77429428.323533356189728 	58844627.063562542200089 	  -0.021355485463349 	   0.010456820650883 	  -0.010003006452024 
4238510323.003076 	-77968893.679602161049843 	59100739.183825768530369 	  -0.019122744041822 	   0.008762191472533 	  -0.010003006452024 
4265167620.632026 	-78449152.008245497941971 	59311971.811137787997723 	  -0.016912778998610 	   0.007089182281825 	  -0.010003006452024 
4291824918.260976 	-78870761.831623867154121 	59478862.595787413418293 	  -0.014721972028282 	   0.005434919210643 	  -0.010003006452024 
4318482215.889927 	-79234187.509000629186630 	59601874.703730411827564 	  -0.012546871110962 	   0.003796683181394 	  -0.010003006452024 
4345139513.518877 	-79539803.234196230769157 	59681400.583941042423248 	  -0.010384158379181 	   0.002171883461590 	  -0.010003006452024 
4371796811.147827 	-79787896.215169087052345 	59717765.066865064203739 	  -0.008230620773948 	   0.000558033825588 	  -0.010003006452024 
4398454108.776777 	-79978669.101177334785461 	59711227.855934627354145 	  -0.006083122834134 	  -0.001047269229274 	  -0.010003006452024 
4425111406.405727 	-80112241.706548914313316 	59661985.460404045879841 	  -0.003938581044113 	  -0.002646366688385 	  -0.010003006452024 
4451768704.034678 	-80188652.065600275993347 	59570172.605879865586758 	  -0.001793939221952 	  -0.004241556067037 	  -0.010003006452024 
4478426001.663628 	-80207856.839980810880661 	59435863.148298211395741 	   0.000353855531678 	  -0.005835109678361 	  -0.010003006452024 
4505083299.292578 	-80169731.087238848209381 	59259070.507374227046967 	   0.002507876783093 	  -0.007429292474956 	  -0.010003006452024 
4531740596.921528 	-80074067.387265935540199 	59039747.626349821686745 	   0.004671243068547 	  -0.009026379803405 	  -0.010003006452024 
4558397894.550478 	-79920574.311024144291878 	58777786.455875165760517 	   0.006847143016864 	  -0.010628675408973 	  -0.010003006452024 
4585055192.179428 	-79708874.203200042247772 	58473016.950761079788208 	   0.009038861786063 	  -0.012238530037668 	  -0.010003006452024 
4611712489.808378 	-79438500.236677736043930 	58125205.558820165693760 	   0.011249809354310 	  -0.013858361005172 	  -0.010003006452024 
4638369787.437328 	-79108892.681486159563065 	57734053.170711509883404 	   0.013483551272158 	  -0.015490673138143 	  -0.010003006452024 
4665027085.066278 	-78719394.313535109162331 	57299192.488246038556099 	   0.015743842574199 	  -0.017138081545227 	  -0.010003006452024 
4691684382.695229 	-78269244.868307739496231 	56820184.755517438054085 	   0.018034665669396 	  -0.018803336745970 	  -0.010003006452024 
4718341680.324179 	-77757574.420812726020813 	56296515.781947955489159 	   0.020360273188060 	  -0.020489352780049 	  -0.010003006452024 
4744998977.953129 	-77183395.544398382306099 	55727591.168167680501938 	   0.022725236970114 	  -0.022199239043029 	  -0.010003006452024 
4771656275.582079 	-76545594.066025242209435 	55112730.623695269227028 	   0.025134504648113 	  -0.023936336756673 	  -0.010003006452024 
4798313573.211029 	-75842918.192381441593170 	54451161.238491065800190 	   0.027593465629001 	  -0.025704261193128 	  -0.010003006452024 
4824970870.839979 	-75073965.727297410368919 	53742009.537090726196766 	   0.030108028737724 	  -0.027506951049309 	  -0.010003006452024 
4851628168.468930 	-74237169.032893970608711 	52984292.102169312536716 	   0.032684714391069 	  -0.029348726732555 	  -0.010003006452024 
4878285466.097880 	-73330777.300232529640198 	52176904.501298427581787 	   0.035330764974287 	  -0.031234359802517 	  -0.010003006452024 
4904942763.726830 	-72352835.583677917718887 	51318608.182611115276814 	   0.038054278171006 	  -0.033169156461422 	  -0.010003006452024 
4931600061.355781 	-71301159.908092573285103 	50408014.916937150061131 	   0.040864369456695 	  -0.035159058858906 	  -0.010003006452023 
4958257358.984731 	-70173307.567208155989647 	49443568.248506635427475 	   0.043771371964515 	  -0.037210769170742 	  -0.010003006452024 
4984914656.613681 	-68966541.477822825312614 	48423521.263357155025005 	   0.046787084702487 	  -0.039331903058909 	  -0.010003006452024 
5011571954.242631 	-67677787.112926885485649 	47345909.779449313879013 	   0.049925083991606 	  -0.041531181427085 	  -0.010003006452023 
5038229251.871581 	-66303580.071022063493729 	46208519.783821016550064 	   0.053201118539496 	  -0.043818672660122 	  -0.010003006452023 
5064886549.500531 	-64840001.694406740367413 	45008847.558176644146442 	   0.056633616593813 	  -0.046206102258171 	  -0.010003006452023 
5091543847.129481 	-63282599.243635587394238 	43744050.397191330790520 	   0.060244345452664 	  -0.048707253703864 	  -0.010003006452023 
5118201144.758431 	-61626285.841140381991863 	42410885.059731446206570 	   0.064059281387326 	  -0.051338494759446 	  -0.010003006452023 
5144858442.387382 	-59865213.512248069047928 	41005629.985979817807674 	   0.068109775319430 	  -0.054119479207846 	  -0.010003006452023 
5171515740.016332 	-57992609.849267460405827 	39523985.675780631601810 	   0.072434142484742 	  -0.057074098775342 	  -0.010003006452023 
5198173037.645282 	-56000564.558607667684555 	37960945.145139776170254 	   0.077079873551701 	  -0.060231799644323 	  -0.010003006452023 
5224830335.274232 	-53879745.485329128801823 	36310622.529177866876125 	   0.082106779838902 	  -0.063629443526654 	  -0.010003006452023 
5251487632.903182 	-51619012.978356100618839 	34566021.745832204818726 	   0.087591583537203 	  -0.067314005316769 	  -0.010003006452023 
5278144930.532132 	-49204883.581528916954994 	32718716.958751153200865 	   0.093634818785363 	  -0.071346598357011 	  -0.010003006452023 
5304802228.161082 	-46620763.045618623495102 	30758399.085308086127043 	   0.100371574517521 	  -0.075808687969027 	  -0.010003006452023 
5331459525.790032 	-43845812.376160316169262 	28672211.123722866177559 	   0.107988924785048 	  -0.080812077396013 	  -0.010003006452023 
5358116823.418983 	-40853202.582880854606628 	26443735.290915604680777 	   0.116755663501472 	  -0.086515758096326 	  -0.010003006452023 
5384774121.047933 	-37607291.859298631548882 	24051373.663871489465237 	   0.127076276662528 	  -0.093156108121365 	  -0.010003006452024 
5411431418.676884 	-34058762.999479025602341 	21465596.859116889536381 	   0.139596960638137 	  -0.101105316497887 	  -0.010003006452024 
5438088716.305834 	-30135523.758648347109556 	18643881.455964941531420 	   0.155436795718498 	  -0.110996415819166 	  -0.010003006452024 
5464746013.934784 	-25723612.085749357938766 	15520313.014945521950722 	   0.176770840613912 	  -0.124031131412647 	  -0.010003006452023 
5491403311.563734 	-20619655.905822712928057 	11980452.038482908159494 	   0.208664465827586 	  -0.142916281979442 	  -0.010003006452023 
5518060609.192684 	-14372149.726609274744987 	7781204.292780705727637 	   0.267618110750867 	  -0.175991843467236 	  -0.010003006452024 
5544717906.821634 	-5156377.114447269588709 	2046899.181506888475269 	   0.508999531356924 	  -0.288741615255979 	  -0.010003006452023 
5571375204.450584 	-4035500.614651628769934 	-11194844.015786357223988 	  -0.094716371385599 	  -0.373516220194106 	  -0.010003006452092 
5598032502.079535 	-6018836.176295056007802 	-19564456.000619385391474 	  -0.060915966373370 	  -0.272274843278484 	  -0.010003006452092 
5624689799.708485 	-7443475.308306647464633 	-26157545.313330173492432 	  -0.047406484487830 	  -0.226645099101226 	  -0.010003006452092 
5651347097.337435 	-8593824.825126433745027 	-31793855.685373615473509 	  -0.039469263097039 	  -0.198034056118064 	  -0.010003006452092 
5678004394.966385 	-9569375.073035223409534 	-36785853.897445000708103 	  -0.034015718501543 	  -0.177471064810954 	  -0.010003006452092 
5704661692.595335 	-10419358.982703713700175 	-41296214.510184921324253 	  -0.029929961698556 	  -0.161524720873095 	  -0.010003006452092 
5731318990.224285 	-11172576.680244598537683 	-45423603.418263159692287 	  -0.026695271360555 	  -0.148540967736821 	  -0.010003006452092 
5757976287.853235 	-11847673.189000353217125 	-49233703.553145356476307 	  -0.024034299193584 	  -0.137604023032195 	  -0.010003006452092 
5784633585.482185 	-12457576.051342051476240 	-52773092.322342708706856 	  -0.021782663689299 	  -0.128157231237815 	  -0.010003006452092 
5811290883.111135 	-13011704.655532378703356 	-56076346.210003167390823 	  -0.019835711719895 	  -0.119838577018137 	  -0.010003006452092 
5837948180.740086 	-13517185.289646133780479 	-59170039.260138295590878 	  -0.018123104100238 	  -0.112400228401322 	  -0.010003006452092 
5864605478.369036 	-13979570.681092545390129 	-62075157.887425594031811 	  -0.016595508242332 	  -0.105665528708637 	  -0.010003006452092 
5891262775.997986 	-14403291.242427820339799 	-64808641.341898299753666 	  -0.015217114815423 	  -0.099504373339481 	  -0.010003006452092 
5917920073.626936 	-14791951.334567286074162 	-67384408.430674433708191 	  -0.013961183144789 	  -0.093818318394101 	  -0.010003006452092 
5944577371.255886 	-15148531.214673032984138 	-69814066.844779625535011 	  -0.012807263314581 	  -0.088531161926538 	  -0.010003006452092 
5971234668.884836 	-15475529.071975514292717 	-72107418.115148246288300 	  -0.011739395410865 	  -0.083582759598524 	  -0.010003006452092 
5997891966.513787 	-15775063.611042605713010 	-74272826.323280394077301 	  -0.010744903235940 	  -0.078924833228850 	  -0.010003006452092 
6024549264.142737 	-16048949.846779165789485 	-76317493.253692165017128 	  -0.009813563151614 	  -0.074518051573982 	  -0.010003006452092 
6051206561.771688 	-16298756.223081057891250 	-78247667.637713655829430 	  -0.008937017210126 	  -0.070329948458261 	  -0.010003006452092 
6077863859.400638 	-16525848.407149955630302 	-80068806.919300466775894 	  -0.008108349787195 	  -0.066333406873284 	  -0.010003006452092 
6104521157.029588 	-16731423.383040009066463 	-81785704.140343844890594 	  -0.007321776313997 	  -0.062505534659475 	  -0.010003006452092 
6131178454.658538 	-16916536.354317672550678 	-83402588.748385593295097 	  -0.006572410521869 	  -0.058826816776804 	  -0.010003006452092 
6157835752.287488 	-17082122.229857966303825 	-84923207.599947109818459 	  -0.005856087732011 	  -0.055280466575230 	  -0.010003006452092 
6184493049.916438 	-17229012.969576671719551 	-86350890.709001481533051 	  -0.005169228840308 	  -0.051851922625478 	  -0.010003006452092 
6211150347.545388 	-17357951.724109433591366 	-87688605.092375338077545 	  -0.004508734309544 	  -0.048528453615796 	  -0.010003006452092 
6237807645.174338 	-17469604.461800258606672 	-88938999.216711476445198 	  -0.003871900598598 	  -0.045298844562214 	  -0.010003006452092 
6264464942.803288 	-17564569.604626808315516 	-90104439.942711278796196 	  -0.003256353581825 	  -0.042153144949438 	  -0.010003006452092 
6291122240.432239 	-17643386.070273607969284 	-91187043.418213024735451 	  -0.002659994983354 	  -0.039082464560118 	  -0.010003006452092 
6317779538.061189 	-17706540.026187639683485 	-92188701.043247818946838 	  -0.002080958886577 	  -0.036078806390503 	  -0.010003006452092 
6344436835.690139 	-17754470.593479320406914 	-93111101.384307906031609 	  -0.001517576118336 	  -0.033134928664191 	  -0.010003006452092 
6371094133.319089 	-17787574.687374986708164 	-93955748.728772655129433 	  -0.000968344841964 	  -0.030244229856067 	  -0.010003006452092 
6397751430.948039 	-17806211.142001785337925 	-94723978.827704861760139 	  -0.000431906084608 	  -0.027400652036284 	  -0.010003006452092 
6424408728.576989 	-17810704.237359132617712 	-95416972.264729589223862 	   0.000092976786052 	  -0.024598598882889 	  -0.010003006452092 
6451066026.205939 	-17801346.723100528120995 	-96035765.802241027355194 	   0.000607435404115 	  -0.021832865490937 	  -0.010003006452092 
6477723323.834889 	-17778402.415543086826801 	-96581261.987839132547379 	   0.001112511171751 	  -0.019098577695173 	  -0.010003006452092 
6504380621.463840 	-17742108.429927255958319 	-97054237.249280542135239 	   0.001609167930156 	  -0.016391139071990 	  -0.010003006452092 
6531037919.092790 	-17692677.098462276160717 	-97455348.662121534347534 	   0.002098302920492 	  -0.013706184129612 	  -0.010003006452092 
6557695216.721741 	-17630297.615442272275686 	-97785139.538131549954414 	   0.002580756346613 	  -0.011039536458795 	  -0.010003006452092 
6584352514.350691 	-17555137.443197742104530 	-98044043.952654197812080 	   0.003057319794391 	  -0.008387170818249 	  -0.010003006452092 
6611009811.979641 	-17467343.506472196429968 	-98232390.303888529539108 	   0.003528743718085 	  -0.005745178283011 	  -0.010003006452092 
6637667109.608591 	-17367043.197679497301579 	-98350403.975440159440041 	   0.003995744169715 	  -0.003109733699854 	  -0.010003006452092 
6664324407.237541 	-17254345.211182758212090 	-98398209.154546707868576 	   0.004459008920603 	  -0.000477064778777 	  -0.010003006452092 
6690981704.866491 	-17129340.221043836325407 	-98375829.841322392225266 	   0.004919203103611 	   0.002156577791464 	  -0.010003006452092 
6717639002.495441 	-16992101.413486249744892 	-98283190.068596825003624 	   0.005376974489003 	   0.004794949779396 	  -0.010003006452092 
6744296300.124392 	-16842684.882463812828064 	-98120113.336821600794792 	   0.005832958495428 	   0.007441842958081 	  -0.010003006452092 
6770953597.753342 	-16681129.894133316352963 	-97886321.253608793020248 	   0.006287783029683 	   0.010101115326919 	  -0.010003006452092 
6797610895.382292 	-16507459.023602632805705 	-97581431.352169349789619 	   0.006742073244302 	   0.012776722594677 	  -0.010003006452092 
6824268193.011242 	-16321678.164979035034776 	-97204954.046743661165237 	   0.007196456300391 	   0.015472751554937 	  -0.010003006452092 
6850925490.640192 	-16123776.413400242105126 	-96756288.665435537695885 	   0.007651566224509 	   0.018193456053196 	  -0.010003006452092 
6877582788.269142 	-15913725.815312962979078 	-96234718.481019511818886 	   0.008108048952798 	   0.020943296340420 	  -0.010003006452092 
6904240085.898092 	-15691480.980681525543332 	-95639404.637462377548218 	   0.008566567663404 	   0.023726982736700 	  -0.010003006452092 
6930897383.527042 	-15456978.547970561310649 	-94969378.843115344643593 	   0.009027808509879 	   0.026549524698607 	  -0.010003006452092 
6957554681.155993 	-15210136.489535186439753 	-94223534.669558897614479 	   0.009492486884541 	   0.029416286606048 	  -0.010003006452092 
6984211978.784943 	-14950853.241336621344090 	-93400617.256304800510406 	   0.009961354362660 	   0.032333051873731 	  -0.010003006452092 
7010869276.413893 	-14679006.636510314419866 	-92499211.173983216285706 	   0.010435206507358 	   0.035306097369462 	  -0.010003006452092 
7037526574.042843 	-14394452.617033138871193 	-91517726.139513388276100 	   0.010914891753191 	   0.038342280614776 	  -0.010003006452092 
7064183871.671793 	-14097023.691290073096752 	-90454380.202522143721581 	   0.011401321636384 	   0.041449142892283 	  -0.010003006452092 
7090841169.300743 	-13786527.097362956032157 	-89307179.928071990609169 	   0.011895482705303 	   0.044635032243830 	  -0.010003006452092 
7117498466.929694 	-13462742.621868664398789 	-88073896.979990959167480 	   0.012398450531464 	   0.047909251492292 	  -0.010003006452092 
7144155764.558644 	-13125420.011509796604514 	-86752040.352661684155464 	   0.012911406356564 	   0.051282237969639 	  -0.010003006452092 
7170813062.187594 	-12774275.898269305005670 	-85338823.294296160340309 	   0.013435657065377 	   0.054765783747257 	  -0.010003006452092 
7197470359.816545 	-12408990.138151645660400 	-83831123.693502366542816 	   0.013972659383142 	   0.058373308080547 	  -0.010003006452092 
7224127657.445495 	-12029201.435813285410404 	-82225436.337493240833282 	   0.014524049481584 	   0.062120197855639 	  -0.010003006452092 
7250784955.074445 	-11634502.090885298326612 	-80517814.956980347633362 	   0.015091679572710 	   0.066024237604008 	  -0.010003006452092 
7277442252.703395 	-11224431.652735618874431 	-78703801.293900877237320 	   0.015677663623283 	   0.070106158969315 	  -0.010003006452092 
7304099550.332345 	-10798469.203694092109799 	-76778337.479652628302574 	   0.016284435110382 	   0.074390351691979 	  -0.010003006452092 
7330756847.961295 	-10356023.898697510361671 	-74735656.664428889751434 	   0.016914820875970 	   0.078905796350762 	  -0.010003006452092 
7357414145.590245 	-9896423.260316045954823 	-72569144.889912396669388 	   0.017572136810037 	   0.083687306780966 	  -0.010003006452092 
7384071443.219195 	-9418898.544318053871393 	-70271164.322414025664330 	   0.018260313594927 	   0.088777213227312 	  -0.010003006452092 
7410728740.848145 	-8922566.224153859540820 	-67832823.624154537916183 	   0.018984064569778 	   0.094227686266178 	  -0.010003006452092 
7437386038.477096 	-8406404.247607002034783 	-65243674.523724362254143 	   0.019749113757428 	   0.100104015053598 	  -0.010003006452092 
7464043336.106046 	-7869221.120314816944301 	-62491302.948770336806774 	   0.020562511690180 	   0.106489346510140 	  -0.010003006452092 
7490700633.734996 	-7309614.941341778263450 	-59560765.478473231196404 	   0.021433082484169 	   0.113491732903172 	  -0.010003006452092 
7517357931.363946 	-6725918.032039004378021 	-56433791.785269543528557 	   0.022372072475931 	   0.121254963746841 	  -0.010003006452092 
7544015228.992896 	-6116120.356842203997076 	-53087619.992641106247902 	   0.023394117887481 	   0.129975877078969 	  -0.010003006452092 
7570672526.621846 	-5477760.777730488218367 	-49493230.717833980917931 	   0.024518734624004 	   0.139933357440302 	  -0.010003006452092 
7597329824.250796 	-4807767.856465594843030 	-45612542.716963559389114 	   0.025772693935152 	   0.151539798099029 	  -0.010003006452092 
7623987121.879746 	-4102218.567750972229987 	-41393693.157940939068794 	   0.027193954888380 	   0.165439330064752 	  -0.010003006452092 
7650644419.508697 	-3355958.535053838975728 	-36762471.627579607069492 	   0.028838392509944 	   0.182714013672822 	  -0.010003006452092 
7677301717.137648 	-2561984.064874829724431 	-31605094.655026428401470 	   0.030791301952169 	   0.205376796519204 	  -0.010003006452092 
7703959014.766598 	-1710447.721421861322597 	-25728004.215776536613703 	   0.033182997278312 	   0.237798768124772 	  -0.010003006452092 
7730616312.395548 	-787643.055520338006318 	-18738328.556097757071257 	   0.036144951835754 	   0.292399010892026 	  -0.010003006452092 
7757273610.024498 	210460.969123530114302 	-9450852.509717332199216 	   0.037568407250986 	   0.436833761629869 	  -0.010003006452092 
7783930907.653448 	8579571.755032645538449 	736597.764770129928365 	   0.452537002661730 	   0.090951821336681 	  -0.010003006452101 
7810588205.282398 	17970419.242708355188370 	2859311.118015286978334 	   0.291561496997182 	   0.071264612440326 	  -0.010003006452101 
7837245502.911348 	24906354.228440534323454 	4618263.477213138714433 	   0.235066056629392 	   0.061533972526840 	  -0.010003006452101 
7863902800.540298 	30702988.977230511605740 	6169013.684815952554345 	   0.202173660238920 	   0.055180360803055 	  -0.010003006452101 
7890560098.169249 	35773115.487573072314262 	7574643.526761891320348 	   0.179403610880836 	   0.050482277207199 	  -0.010003006452101 
7917217395.798199 	40316189.309212394058704 	8869015.980393903329968 	   0.162149035755119 	   0.046757700923371 	  -0.010003006452101 
7943874693.427149 	44448213.350382447242737 	10073129.743028970435262 	   0.148321281483899 	   0.043669909283215 	  -0.010003006452101 
7970531991.056099 	48244324.669634766876698 	11201209.436548141762614 	   0.136808685595174 	   0.041028922809419 	  -0.010003006452101 
7997189288.685049 	51756778.420723825693130 	12263486.665970496833324 	   0.126954083505542 	   0.038717433815991 	  -0.010003006452101 
8023846586.313999 	55023804.627878241240978 	13267647.674181573092937 	   0.118338913344490 	   0.036658114698067 	  -0.010003006452101 
8050503883.942949 	58074453.949500873684883 	14219659.613699097186327 	   0.110681258920192 	   0.034797395804886 	  -0.010003006452101 
8077161181.571899 	60931461.517746366560459 	15124275.680071076378226 	   0.103782786881241 	   0.033096685393361 	  -0.010003006452101 
8103818479.200850 	63613042.709528431296349 	15985360.835653096437454 	   0.097499002448275 	   0.031527287213446 	  -0.010003006452101 
8130475776.829800 	66134073.362016804516315 	16806111.002735309302807 	   0.091721567652644 	   0.030067296311887 	  -0.010003006452101 
8157133074.458750 	68506895.674333170056343 	17589205.814568858593702 	   0.086367276441729 	   0.028699617963956 	  -0.010003006452101 
8183790372.087700 	70741886.266712427139282 	18336918.213658090680838 	   0.081370902810604 	   0.027410656188491 	  -0.010003006452101 
8210447669.716650 	72847867.462197989225388 	19051195.053224995732307 	   0.076680403736274 	   0.026189418133652 	  -0.010003006452101 
8237104967.345600 	74832411.956386014819145 	19733717.640466660261154 	   0.072253608236536 	   0.025026885907524 	  -0.010003006452101 
8263762264.974551 	76702073.020214810967445 	20385948.052737575024366 	   0.068055874837656 	   0.023915565638144 	  -0.010003006452101 
8290419562.603501 	78462561.461999207735062 	21009165.139336701482534 	   0.064058397871804 	   0.022849157086096 	  -0.010003006452101 
8317076860.232451 	80118883.736796706914902 	21604492.899746868759394 	   0.060236959204377 	   0.021822307159815 	  -0.010003006452101 
8343734157.861402 	81675451.183165624737740 	22172923.129465445876122 	   0.056570992405488 	   0.020830423022967 	  -0.010003006452101 
8370391455.490352 	83136167.452496513724327 	22715333.688356485217810 	   0.053042870319198 	   0.019869528298924 	  -0.010003006452101 
8397048753.119302 	84504499.224380239844322 	23232503.379086963832378 	   0.049637355121730 	   0.018936150951185 	  -0.010003006452101 
8423706050.748252 	85783533.940413087606430 	23725124.166617885231972 	   0.046341168400617 	   0.018027234785846 	  -0.010003006452101 
8450363348.377202 	86976027.331933140754700 	24193811.287325300276279 	   0.043142651126613 	   0.017140068801665 	  -0.010003006452101 
8477020646.006152 	88084442.833167225122452 	24639111.664605133235455 	   0.040031491804518 	   0.016272230184388 	  -0.010003006452101 
8503677943.635102 	89110984.474855437874794 	25061510.951282218098640 	   0.036998506925564 	   0.015421537842582 	  -0.010003006452101 
8530335241.264052 	90057624.488105267286301 	25461439.447443585842848 	   0.034035461956048 	   0.014586014164806 	  -0.010003006452101 
8556992538.893003 	90926126.575899139046669 	25839277.088386002928019 	   0.031134924035402 	   0.013763853241945 	  -0.010003006452101 
8583649836.521953 	91718065.604244098067284 	26195357.656319256871939 	   0.028290139684367 	   0.012953394210016 	  -0.010003006452101 
8610307134.150904 	92434844.308196842670441 	26529972.337875954806805 	   0.025494932382481 	   0.012153098672296 	  -0.010003006452101 
8636964431.779854 	93077707.487010508775711 	26843372.724835712462664 	   0.022743616028855 	   0.011361531385948 	  -0.010003006452101 
8663621729.408804 	93647754.068685680627823 	27135773.336240164935589 	   0.020030921162397 	   0.010577343567951 	  -0.010003006452101 
8690279027.037754 	94145947.349713891744614 	27407353.724527303129435 	   0.017351931469975 	   0.009799258304206 	  -0.010003006452101 
8716936324.666704 	94573123.656998962163925 	27658260.216002538800240 	   0.014702028605030 	   0.009026057643286 	  -0.010003006452101 
8743593622.295654 	94929999.631445735692978 	27888607.325834244489670 	   0.012076843717381 	   0.008256571031129 	  -0.010003006452101 
8770250919.924604 	95217178.294104978442192 	28098478.879383832216263 	   0.009472214385111 	   0.007489664799884 	  -0.010003006452101 
8796908217.553555 	95435154.023967564105988 	28287928.864642634987831 	   0.006884145862234 	   0.006724232467380 	  -0.010003006452101 
8823565515.182505 	95584316.549919664859772 	28456982.034507997334003 	   0.004308775726460 	   0.005959185636001 	  -0.010003006452101 
8850222812.811455 	95664954.036769464612007 	28605634.272331159561872 	   0.001742341140986 	   0.005193445303265 	  -0.010003006452101 
8876880110.440405 	95677255.325660929083824 	28733852.729398299008608 	  -0.000818851959299 	   0.004425933412550 	  -0.010003006452101 
8903537408.069355 	95621311.371768549084663 	28841575.738573260605335 	  -0.003378458377629 	   0.003655564482227 	  -0.010003006452101 
8930194705.698305 	95497115.906306952238083 	28928712.504088938236237 	  -0.005940122435723 	   0.002881237155481 	  -0.010003006452101 
8956852003.327255 	95304565.334938183426857 	28995142.563260223716497 	  -0.008507506574068 	   0.002101825511670 	  -0.010003006452101 
8983509300.956205 	95043457.870144411921501 	29040715.011569514870644 	  -0.011084320315595 	   0.001316169973123 	  -0.010003006452101 
9010166598.585155 	94713491.880509212613106 	29065247.477991092950106 	  -0.013674350149363 	   0.000523067628456 	  -0.010003006452101 
9036823896.214106 	94314263.424619868397713 	29068524.832409661263227 	  -0.016281490923723 	  -0.000278738225775 	  -0.010003006452101 
9063481193.843056 	93845262.920922204852104 	29050297.601364918053150 	  -0.018909779392918 	  -0.001090569550155 	  -0.010003006452101 
9090138491.472006 	93305870.886682525277138 	29010280.061898291110992 	  -0.021563430640320 	  -0.001913826295188 	  -0.010003006452101 
9116795789.100956 	92695352.658568486571312 	28948147.975721720606089 	  -0.024246878210222 	  -0.002750000709800 	  -0.010003006452101 
9143453086.729906 	92012851.983335956931114 	28863535.916937969624996 	  -0.026964818924928 	  -0.003600693594638 	  -0.010003006452101 
9170110384.358856 	91257383.338653400540352 	28756034.135696623474360 	  -0.029722263554015 	  -0.004467632948272 	  -0.010003006452101 
9196767681.987806 	90427822.809826582670212 	28625184.886918909847736 	  -0.032524594750826 	  -0.005352695556542 	  -0.010003006452101 
9223424979.616756 	89522897.306342586874962 	28470478.136870149523020 	  -0.035377633994653 	  -0.006257932207995 	  -0.010003006452101 
9250082277.245707 	88541171.850434228777885 	28291346.539943683892488 	  -0.038287719699813 	  -0.007185597391389 	  -0.010003006452101 
9276739574.874657 	87481034.605188325047493 	28087159.552317939698696 	  -0.041261799207728 	  -0.008138184558557 	  -0.010003006452101 
9303396872.503607 	86340679.228007569909096 	27857216.516446445137262 	  -0.044307538111554 	  -0.009118468336722 	  -0.010003006452101 
9330054170.132557 	85118084.030886575579643 	27600738.508354216814041 	  -0.047433451339932 	  -0.010129555476093 	  -0.010003006452101 
9356711467.761507 	83810987.294328510761261 	27316858.685253795236349 	  -0.050649061739928 	  -0.011174946860232 	  -0.010003006452101 
9383368765.390457 	82416857.906170830130577 	27004610.799621913582087 	  -0.053965093683544 	  -0.012258613645121 	  -0.010003006452101 
9410026063.019407 	80932860.265085607767105 	26662915.451316706836224 	  -0.057393711673530 	  -0.013385091611340 	  -0.010003006452101 
9436683360.648357 	79355812.079692214727402 	26290563.522541020065546 	  -0.060948817334681 	  -0.014559599236768 	  -0.010003006452101 
9463340658.277308 	77682133.277003169059753 	25886196.068363614380360 	  -0.064646422986827 	  -0.015788187013471 	  -0.010003006452101 
9489997955.906258 	75907783.662672996520996 	25448279.698672570288181 	  -0.068505126882189 	  -0.017077928433258 	  -0.010003006452101 
9516655253.535208 	74028186.181810215115547 	24975076.156637489795685 	  -0.072546725212618 	  -0.018437167310504 	  -0.010003006452101 
9543312551.164158 	72038131.508572235703468 	24464604.329150136560202 	  -0.076797010845925 	  -0.019875842435808 	  -0.010003006452101 
9569969848.793108 	69931658.082716763019562 	23914592.246020089834929 	  -0.081286831207685 	  -0.021405920173658 	  -0.010003006452101 
9596627146.422058 	67701899.352529481053352 	23322415.624198853969574 	  -0.086053512438116 	  -0.023041980581790 	  -0.010003006452101 
9623284444.051008 	65340886.452223159372807 	22685018.005491599440575 	  -0.091142811954888 	  -0.024802026502657 	  -0.010003006452101 
9649941741.679958 	62839289.125234842300415 	21998805.206859484314919 	  -0.096611651152223 	  -0.026708624254061 	  -0.010003006452101 
9676599039.308910 	60186069.165168985724449 	21259503.101711597293615 	  -0.102532030585733 	  -0.028790550928559 	  -0.010003006452101 
9703256336.937860 	57368006.755276791751385 	20461961.680421382188797 	  -0.108996792427204 	  -0.031085239979993 	  -0.010003006452101 
9729913634.566811 	54369036.664152555167675 	19599878.008565913885832 	  -0.116128371523755 	  -0.033642530650766 	  -0.010003006452101 
9756570932.195761 	51169290.067547477781773 	18665392.353246007114649 	  -0.124092584491497 	  -0.036530638639347 	  -0.010003006452101 
9783228229.824711 	47743661.665598355233669 	17648477.463798131793737 	  -0.133121338291022 	  -0.039846106051348 	  -0.010003006452101 
9809885527.453661 	44059572.544244654476643 	16535972.910781949758530 	  -0.143552098539014 	  -0.043731329395434 	  -0.010003006452101 
9836542825.082611 	40073284.494759365916252 	15309970.689972933381796 	  -0.155901267480177 	  -0.048407659300604 	  -0.010003006452101 
9863200122.711561 	35723393.726746074855328 	13944915.635281020775437 	  -0.171012991634887 	  -0.054243777143213 	  -0.010003006452101 
9889857420.340511 	30918233.807264726608992 	12401872.088327435776591 	  -0.190398398200751 	  -0.061915135886116 	  -0.010003006452101 
9916514717.969461 	25508071.686654496937990 	10615526.190885784104466 	  -0.217150231526656 	  -0.072846511495719 	  -0.010003006452101 
9943172015.598412 	19209835.557382337749004 	8457678.055142333731055 	  -0.259163857337301 	  -0.090835474926516 	  -0.010003006452101 
9969829313.227362 	11307536.556173987686634 	5582837.168085458688438 	  -0.348440122448803 	  -0.132504062776495 	  -0.010003006452101 
9996486610.856312 	-1955995.431409210665151 	3930886.271292527206242 	  -0.382683319058980 	   0.540540461082384 	  -0.010003006452212 
10023143908.485262 	-9029687.324611060321331 	12886637.980209847912192 	  -0.210563727283890 	   0.251001890876230 	  -0.010003006452212 
10049801206.114212 	-14013665.338422907516360 	18701126.512837339192629 	  -0.168569455343347 	   0.193057898306271 	  -0.010003006452212 
10076458503.743162 	-18174040.277923237532377 	23408275.290078438818455 	  -0.145320271242164 	   0.162578432561415 	  -0.010003006452212 
10103115801.372112 	-21825743.334947571158409 	27458355.236287791281939 	  -0.129503793627264 	   0.142445147887062 	  -0.010003006452212 
10129773099.001062 	-25112809.337940976023674 	31049008.881469540297985 	  -0.117606227042173 	   0.127606864371578 	  -0.010003006452212 
10156430396.630013 	-28116939.531260758638382 	34289530.774409353733063 	  -0.108101583577938 	   0.115935898374047 	  -0.010003006452212 
10183087694.258963 	-30890328.474015079438686 	37248488.454045929014683 	  -0.100197040838609 	   0.106350386943841 	  -0.010003006452212 
10209744991.887913 	-33468972.214757200330496 	39972517.817674711346626 	  -0.093430936228118 	   0.098230677931551 	  -0.010003006452212 
10236402289.516863 	-35879062.871871873736382 	42495179.081358283758163 	  -0.087512171069822 	   0.091191218129695 	  -0.010003006452212 
10263059587.145813 	-38140430.662601284682751 	44841651.035083085298538 	  -0.082246047377867 	   0.084976980239990 	  -0.010003006452212 
10289716884.774763 	-40268554.995539121329784 	47031439.527426674962044 	  -0.077496274974739 	   0.079411129544055 	  -0.010003006452212 
10316374182.403713 	-42275815.044446423649788 	49080043.976668141782284 	  -0.073163920870361 	   0.074366360949986 	  -0.010003006452212 
10343031480.032663 	-44172306.516039386391640 	51000035.936977706849575 	  -0.069175005487349 	   0.069748176539165 	  -0.010003006452212 
10369688777.661613 	-45966396.699976563453674 	52801786.259405866265297 	  -0.065472821522261 	   0.065484619442610 	  -0.010003006452212 
10396346075.290564 	-47665114.244796529412270 	54493972.158714808523655 	  -0.062012978106737 	   0.061519700857006 	  -0.010003006452212 
10423003372.919514 	-49274430.524330101907253 	56083940.964563995599747 	  -0.058760091118405 	   0.057809040475422 	  -0.010003006452212 
10449660670.548464 	-50799467.573904171586037 	57577977.436053730547428 	  -0.055685506849911 	   0.054316886690446 	  -0.010003006452212 
10476317968.177414 	-52244654.900827929377556 	58981504.332575924694538 	  -0.052765696093259 	   0.051014026315658 	  -0.010003006452212 
10502975265.806364 	-53613849.837874568998814 	60299235.650684751570225 	  -0.049981095758618 	   0.047876284695422 	  -0.010003006452212 
10529632563.435314 	-54910431.349331602454185 	61535295.566996261477470 	  -0.047315256789134 	   0.044883427757029 	  -0.010003006452212 
10556289861.064264 	-56137374.143701724708080 	62693312.060747712850571 	  -0.044754206368112 	   0.042018343912139 	  -0.010003006452212 
10582947158.693214 	-57297307.933568961918354 	63776491.523848459124565 	  -0.042285963006885 	   0.039266424717934 	  -0.010003006452212 
10609604456.322165 	-58392565.325097136199474 	64787678.877001784741879 	  -0.039900162620123 	   0.036615089237758 	  -0.010003006452212 
10636261753.951115 	-59425220.884525544941425 	65729406.484013244509697 	  -0.037587766446512 	   0.034053413966245 	  -0.010003006452212 
10662919051.580065 	-60397123.273022517561913 	66603934.299631260335445 	  -0.035340830181744 	   0.031571841429050 	  -0.010003006452212 
10689576349.209015 	-61309921.873206771910191 	67413283.077409446239471 	  -0.033152319478810 	   0.029161948185526 	  -0.010003006452212 
10716233646.837965 	-62165088.991508752107620 	68159262.024592280387878 	  -0.031015960976839 	   0.026816258215603 	  -0.010003006452212 
10742890944.466915 	-62963938.471310041844845 	68843491.969222724437714 	  -0.028926120836914 	   0.024528091352925 	  -0.010003006452212 
10769548242.095865 	-63707641.366235725581646 	69467424.865911528468132 	  -0.026877704773135 	   0.022291439043542 	  -0.010003006452212 
10796205539.724815 	-64397239.183094620704651 	70032360.287373468279839 	  -0.024866075020032 	   0.020100861595678 	  -0.010003006452212 
10822862837.353767 	-65033655.097338519990444 	70539459.412598386406898 	  -0.022886980740367 	   0.017951402462188 	  -0.010003006452212 
10849520134.982718 	-65617703.461702473461628 	70989756.917874261736870 	  -0.020936499163511 	   0.015838516112697 	  -0.010003006452212 
10876177432.611668 	-66150097.864660888910294 	71384171.095674201846123 	  -0.019010985331715 	   0.013758006809089 	  -0.010003006452212 
10902834730.240618 	-66631457.944910712540150 	71723512.462748274207115 	  -0.017107028773892 	   0.011705976167250 	  -0.010003006452212 
10929492027.869568 	-67062315.127980865538120 	72008491.068338200449944 	  -0.015221415762106 	   0.009678777819432 	  -0.010003006452212 
10956149325.498518 	-67443117.418779611587524 	72239722.673080608248711 	  -0.013351096062008 	   0.007672977820927 	  -0.010003006452212 
10982806623.127468 	-67774233.357596248388290 	72417733.936530649662018 	  -0.011493153284476 	   0.005685319697255 	  -0.010003006452212 
11009463920.756418 	-68055955.225370287895203 	72542966.724500149488449 	  -0.009644778095846 	   0.003712693222258 	  -0.010003006452212 
11036121218.385368 	-68288501.565836012363434 	72615781.625250548124313 	  -0.007803243658644 	   0.001752106166757 	  -0.010003006452212 
11062778516.014318 	-68472019.076616078615189 	72636460.744889393448830 	  -0.005965882761097 	  -0.000199341628473 	  -0.010003006452212 
11089435813.643269 	-68606583.907792821526527 	72605209.836304873228073 	  -0.004130066157412 	  -0.002144482415473 	  -0.010003006452212 
11116093111.272219 	-68692202.394379019737244 	72522159.801925584673882 	  -0.002293181685624 	  -0.004086103434295 	  -0.010003006452212 
11142750408.901169 	-68728811.237975150346756 	72387367.597992017865181 	  -0.000452613758473 	  -0.006026968993016 	  -0.010003006452212 
11169407706.530119 	-68716277.142338693141937 	72200816.556360349059105 	   0.001394277163125 	  -0.007969842157218 	  -0.010003006452212 
11196065004.159069 	-68654395.897217497229576 	71962416.128750264644623 	   0.003250175503997 	  -0.009917506460942 	  -0.010003006452212 
11222722301.788019 	-68542890.894256070256233 	71672001.047369018197060 	   0.005117832319227 	  -0.011872788052841 	  -0.010003006452212 
11249379599.416969 	-68381411.047706723213196 	71329329.884628042578697 	   0.007000088279967 	  -0.013838578707533 	  -0.010003006452212 
11276036897.045919 	-68169528.080650612711906 	70934082.982827320694923 	   0.008899898374608 	  -0.015817860163856 	  -0.010003006452212 
11302694194.674870 	-67906733.124021798372269 	70485859.711756840348244 	   0.010820358861023 	  -0.017813730300827 	  -0.010003006452212 
11329351492.303820 	-67592432.560384869575500 	69984174.997671842575073 	   0.012764737089056 	  -0.019829431731355 	  -0.010003006452212 
11356008789.932770 	-67225943.026512876152992 	69428455.050454750657082 	   0.014736504922882 	  -0.021868383487487 	  -0.010003006452212 
11382666087.561720 	-66806485.467514686286449 	68818032.196226492524147 	   0.016739376637098 	  -0.023934216594985 	  -0.010003006452212 
11409323385.190670 	-66333178.109580159187317 	68152138.699345663189888 	   0.018777352348028 	  -0.026030814497527 	  -0.010003006452212 
11435980682.819620 	-65805028.187007442116737 	67429899.429421856999397 	   0.020854768285666 	  -0.028162359502869 	  -0.010003006452212 
11462637980.448570 	-65220922.220323592424393 	66650323.194202698767185 	   0.022976355529832 	  -0.030333386700324 	  -0.010003006452212 
11489295278.077520 	-64579614.593723766505718 	65812292.515928469598293 	   0.025147309251093 	  -0.032548847162033 	  -0.010003006452212 
11515952575.706470 	-63879714.118671678006649 	64914551.574354425072670 	   0.027373371047217 	  -0.034814182719254 	  -0.010003006452212 
11542609873.335421 	-63119668.192154265940189 	63955691.970492176711559 	   0.029660927697767 	  -0.037135415240687 	  -0.010003006452212 
11569267170.964371 	-62297744.057069286704063 	62934135.876304991543293 	   0.032017130641861 	  -0.039519254191638 	  -0.010003006452212 
11595924468.593321 	-61412006.540623605251312 	61848116.020282596349716 	   0.034450041816366 	  -0.041973227405128 	  -0.010003006452212 
11622581766.222271 	-60460291.473296500742435 	60695651.807481728494167 	   0.036968813318991 	  -0.044505841572173 	  -0.010003006452212 
11649239063.851221 	-59440173.760001346468925 	59474520.671673171222210 	   0.039583910897866 	  -0.047126781140374 	  -0.010003006452212 
11675896361.480171 	-58348928.763636283576488 	58182223.487151890993118 	   0.042307394839811 	  -0.049847157370854 	  -0.010003006452212 
11702553659.109121 	-57183485.235551066696644 	56815942.499957472085953 	   0.045153276929468 	  -0.052679823660156 	  -0.010003006452212 
11729210956.738071 	-55940367.437293566763401 	55372489.730181805789471 	   0.048137979554078 	  -0.055639779534010 	  -0.010003006452212 
11755868254.367022 	-54615623.266803853213787 	53848243.084273524582386 	   0.051280933966284 	  -0.058744694991475 	  -0.010003006452212 
11782525551.995972 	-53204734.011259734630585 	52239066.399190001189709 	   0.054605371196788 	  -0.062015600788001 	  -0.010003006452212 
11809182849.624922 	-51702499.609499067068100 	50540208.161492221057415 	   0.058139384481972 	  -0.065477811565045 	  -0.010003006452212 
11835840147.253872 	-50102890.712645947933197 	48746171.449201382696629 	   0.061917382092957 	  -0.069162182194949 	  -0.010003006452212 
11862497444.882822 	-48398854.869180567562580 	46850544.308376058936119 	   0.065982114309058 	  -0.073106851646248 	  -0.010003006452212 
11889154742.511772 	-46582057.945007130503654 	44845774.572426050901413 	   0.070387566641251 	  -0.077359718270112 	  -0.010003006452212 
11915812040.140722 	-44642531.838171288371086 	42722864.768026232719421 	   0.075203198869337 	  -0.081982044420270 	  -0.010003006452212 
11942469337.769672 	-42568182.718947760760784 	40470948.839664638042450 	   0.080520346965172 	  -0.087053863676043 	  -0.010003006452212 
11969126635.398624 	-40344084.684892259538174 	38076688.347908638417721 	   0.086462241540964 	  -0.092682379263142 	  -0.010003006452212 
11995783933.027575 	-37951430.071402169764042 	35523382.134916789829731 	   0.093200364646564 	  -0.099015559997508 	  -0.010003006452212 
12022441230.656525 	-35365903.822716362774372 	32789599.733292263001204 	   0.100982564560033 	  -0.106265283748340 	  -0.010003006452212 
12049098528.285475 	-32555033.930083915591240 	29846976.992555513978004 	   0.110184566827915 	  -0.114749263411703 	  -0.010003006452212 
12075755825.914425 	-29473582.646392077207565 	26656428.623535018414259 	   0.121412374413618 	  -0.124973277579950 	  -0.010003006452212 
12102413123.543375 	-26054809.886211510747671 	23161075.832480862736702 	   0.135729143809424 	  -0.137810367486912 	  -0.010003006452212 
12129070421.172325 	-22191805.068959977477789 	19271421.745617102831602 	   0.155240598804400 	  -0.154953460238534 	  -0.010003006452212 
12155727718.801275 	-17689686.426646146923304 	14828377.681248657405376 	   0.185004299949382 	  -0.180348225973725 	  -0.010003006452212 
12182385016.430225 	-12097347.373916449025273 	9478430.621344061568379 	   0.242586362132928 	  -0.227019019215348 	  -0.010003006452212 
12209042314.059175 	-3205036.400997408665717 	1692825.241152637405321 	   0.580745391852172 	  -0.446200982409452 	  -0.010003006452212 
12235699611.688126 	-6368602.245728087611496 	-11357496.309585262089968 	  -0.148269588518133 	  -0.334604227893252 	  -0.010003006452266 
12262356909.317076 	-9626441.962236911058426 	-18993397.596272788941860 	  -0.103931354316070 	  -0.251494734764319 	  -0.010003006452266 
12289014206.946026 	-12107806.095755884423852 	-25117097.744788013398647 	  -0.084143298509780 	  -0.211468978422869 	  -0.010003006452266 
12315671504.574976 	-14177646.528057275339961 	-30390970.134486537426710 	  -0.071953115217854 	  -0.185765310429320 	  -0.010003006452266 
12342328802.203926 	-15975049.790914287790656 	-35082169.357355274260044 	  -0.063328607109434 	  -0.167053930189880 	  -0.010003006452266 
12368986099.832876 	-17571782.150803305208683 	-39333272.849858395755291 	  -0.056730353485212 	  -0.152425085986682 	  -0.010003006452266 
12395643397.461826 	-19010966.892620556056499 	-43232026.100551411509514 	  -0.051420831623182 	  -0.140446126843477 	  -0.010003006452266 
12422300695.090776 	-20321066.431741189211607 	-46837413.369514472782612 	  -0.046994539049571 	  -0.130312677892285 	  -0.010003006452266 
12448957992.719727 	-21522110.289884168654680 	-50191555.967965796589851 	  -0.043206688873137 	  -0.121530874078302 	  -0.010003006452266 
12475615290.348677 	-22628866.896942671388388 	-53325888.639458484947681 	  -0.039899131421927 	  -0.113777087625070 	  -0.010003006452266 
12502272587.977627 	-23652618.992989536374807 	-56264671.392661891877651 	  -0.036964268409369 	  -0.106828438273365 	  -0.010003006452266 
12528929885.606577 	-24602230.130499064922333 	-59027127.260299727320671 	  -0.034325848352410 	  -0.100525283223093 	  -0.010003006452266 
12555587183.235527 	-25484821.541299130767584 	-61628814.684000015258789 	  -0.031928020412000 	  -0.094749574057551 	  -0.010003006452266 
12582244480.864477 	-26306221.081266697496176 	-64082546.970558688044548 	  -0.029728743444114 	  -0.089411684165493 	  -0.010003006452266 
12608901778.493427 	-27071271.972632858902216 	-66399030.276559278368950 	  -0.027695634925147 	  -0.084442032757345 	  -0.010003006452266 
12635559076.122377 	-27784051.647428404539824 	-68587319.455794811248779 	  -0.025803256490660 	  -0.079785560321711 	  -0.010003006452266 
12662216373.751328 	-28448030.900099087506533 	-70655151.970002204179764 	  -0.024031281422790 	  -0.075397969766911 	  -0.010003006452266 
12688873671.380278 	-29066192.209210522472858 	-72609197.760362297296524 	  -0.022363223168133 	  -0.071243099592886 	  -0.010003006452266 
12715530969.009228 	-29641119.401698824018240 	-74455249.726247191429138 	  -0.020785531851890 	  -0.067291044932119 	  -0.010003006452266 
12742188266.638178 	-30175066.747012469917536 	-76198371.298320397734642 	  -0.019286938707047 	  -0.063516785750605 	  -0.010003006452266 
12768845564.267128 	-30670012.991094440221786 	-77843012.410359218716621 	  -0.017857971491426 	  -0.059899166972544 	  -0.010003006452266 
12795502861.896078 	-31127704.168576594442129 	-79393101.791131034493446 	  -0.016490590316735 	  -0.056420127834484 	  -0.010003006452266 
12822160159.525028 	-31549687.920473102480173 	-80852121.235418647527695 	  -0.015177909863074 	  -0.053064110977650 	  -0.010003006452266 
12848817457.153978 	-31937341.289742853492498 	-82223165.967586204409599 	  -0.013913984609151 	  -0.049817603291615 	  -0.010003006452266 
12875474754.782928 	-32291893.443984102457762 	-83508994.134320959448814 	  -0.012693640726326 	  -0.046668774760602 	  -0.010003006452266 
12902132052.411879 	-32614444.405532669275999 	-84712067.699871227145195 	  -0.011512343000586 	  -0.043607191180028 	  -0.010003006452266 
12928789350.040829 	-32905980.604725629091263 	-85834586.467289671301842 	  -0.010366088374190 	  -0.040623583223735 	  -0.010003006452266 
12955446647.669779 	-33167387.879652697592974 	-86878516.547372043132782 	  -0.009251319944925 	  -0.037709658964738 	  -0.010003006452266 
12982103945.298729 	-33399462.403803464025259 	-87845614.299330875277519 	  -0.008164856847989 	  -0.034857950232092 	  -0.010003006452266 
13008761242.927679 	-33602919.917043104767799 	-88737446.544002458453178 	  -0.007103836582720 	  -0.032061685545451 	  -0.010003006452266 
13035418540.556629 	-33778403.555282063782215 	-89555407.680978938937187 	  -0.006065667171608 	  -0.029314684086908 	  -0.010003006452266 
13062075838.185579 	-33926490.513044089078903 	-90300734.211075067520142 	  -0.005047987144977 	  -0.026611266435150 	  -0.010003006452266 
13088733135.814531 	-34047697.725934430956841 	-90974517.064737990498543 	  -0.004048631794439 	  -0.023946178728664 	  -0.010003006452266 
13115390433.443481 	-34142486.723207712173462 	-91577712.058022111654282 	  -0.003065604475165 	  -0.021314527631889 	  -0.010003006452266 
13142047731.072432 	-34211267.771670289337635 	-92111148.735204085707664 	  -0.002097051991830 	  -0.018711724013565 	  -0.010003006452266 
13168705028.701382 	-34254403.409120589494705 	-92575537.807063922286034 	  -0.001141243297069 	  -0.016133433654268 	  -0.010003006452266 
13195362326.330332 	-34272211.447048373520374 	-92971477.353334799408913 	  -0.000196550880055 	  -0.013575533612279 	  -0.010003006452266 
13222019623.959282 	-34264967.507308825850487 	-93299457.924609363079071 	   0.000738565662660 	  -0.011034073116346 	  -0.010003006452266 
13248676921.588232 	-34232907.145187132060528 	-93559866.651391893625259 	   0.001665574293465 	  -0.008505238037286 	  -0.010003006452266 
13275334219.217182 	-34176227.601028300821781 	-93752990.444648817181587 	   0.002585883788330 	  -0.005985318129971 	  -0.010003006452266 
13301991516.846132 	-34095089.213985018432140 	-93879018.352134674787521 	   0.003500855878489 	  -0.003470676341840 	  -0.010003006452266 
13328648814.475082 	-33989616.524020604789257 	-93938043.117067202925682 	   0.004411816538160 	  -0.000957719560133 	  -0.010003006452266 
