  0.000000 	   0.000000000000000 	-10000.000000000000000 	   4.000000000000000 	   0.000000000000000 	 -94.040816326530617 
 30.208863 	 120.816309584710297 	-9995.248390553941135 	   3.998098581170264 	   0.314623012510337 	 -94.040816326530575 
 60.417726 	 241.517617284946226 	-9980.986448821515296 	   3.992382154200058 	   0.629717294009723 	 -94.040816326530589 
 90.626589 	 361.988183809459372 	-9957.192776233972836 	   3.982813999466176 	   0.945757985327001 	 -94.040816326530603 
120.835452 	 482.110782406639089 	-9923.831512734910575 	   3.969332216798568 	   1.263228047670537 	 -94.040816326530546 
151.044315 	 601.765923099017527 	-9880.852039033032270 	   3.951848649887762 	   1.582622367351633 	 -94.040816326530674 
181.253178 	 720.831037280819260 	-9828.188551434150213 	   3.930247330297528 	   1.904452101901507 	 -94.040816326530248 
211.462041 	 839.179607405975275 	-9765.759500563750407 	   3.904382387622203 	   2.229249361799301 	 -94.040816326530219 
241.670904 	 956.680224580973572 	-9693.466882263492153 	   3.874075352031968 	   2.557572334848484 	 -94.040816326530177 
271.879767 	1073.195554289886104 	-9611.195365459319873 	   3.839111750815775 	   2.890010977665082 	 -94.040816326530120 
302.088630 	1188.581187061554374 	-9518.811237706990141 	   3.799236869882413 	   3.227193421877709 	 -94.040816326530361 
332.297493 	1302.684346426827688 	-9416.161144223333395 	   3.754150512276015 	   3.569793273018267 	 -94.040816326530006 
362.506356 	1415.342420715424169 	-9303.070590261047982 	   3.703500535558253 	   3.918538019816341 	 -94.040816326529892 
392.715219 	1526.381277705267848 	-9179.342169359206309 	   3.646874884192064 	   4.274218823600468 	 -94.040816326529807 
422.924082 	1635.613311308140055 	-9044.753470868823570 	   3.583791745919097 	   4.637702025768452 	 -94.040816326529807 
453.132945 	1742.835156589622784 	-8899.054608647214991 	   3.513687344138114 	   5.009942801411352 	 -94.040816326529736 
483.341808 	1847.824992403129272 	-8741.965298158893347 	   3.435900719325401 	   5.392001507015484 	 -94.040816326529949 
513.550671 	1950.339328249319351 	-8573.171390362076636 	   3.349654633830124 	   5.785063430875910 	 -94.040816326530006 
543.759534 	2050.109141476409150 	-8392.320746234267062 	   3.254031429564485 	   6.190462872444177 	 -94.040816326529665 
573.968397 	2146.835189454607189 	-8199.018303552069483 	   3.147942237446251 	   6.609712774579073 	 -94.040816326529722 
604.177260 	2240.182264233155365 	-7992.820144682797945 	   3.030087320012271 	   7.044541544864218 	 -94.040816326529779 
634.386123 	2329.772077451491896 	-7773.226316489279270 	   2.898904429317737 	   7.496939280063160 	 -94.040816326529750 
664.594986 	2415.174350306068845 	-7539.672074897707716 	   2.752500729729886 	   7.969216429232646 	 -94.040816326529750 
694.803849 	2495.895520674665931 	-7291.517118191229201 	   2.588561823471599 	   8.464079116160478 	 -94.040816326529722 
725.012712 	2571.364240901561516 	-7028.032221048843894 	   2.404228316281108 	   8.984727079473762 	 -94.040816326529921 
755.221575 	2640.912482757339603 	-6748.382464854763384 	   2.195925472023898 	   9.534982781472248 	 -94.040816326530205 
785.430438 	2703.750519909132436 	-6451.605946180711726 	   1.959123599668297 	  10.119464178964568 	 -94.040816326530745 
815.639302 	2758.933201472886140 	-6136.586382434431471 	   1.687993664386822 	  10.743819766880941 	 -94.040816326530745 
845.848165 	2805.313547878310146 	-5802.017336395098027 	   1.374900025036254 	  11.415054207808295 	 -94.040816326530503 
876.057028 	2841.477397483877667 	-5446.354707765611238 	   1.009631966196961 	  12.141988607174373 	 -94.040816326530717 
906.265891 	2865.648853064610194 	-5067.752447678765748 	   0.578200987131084 	  12.935925660456562 	 -94.040816326530773 
936.474754 	2875.549102810788554 	-4663.973719066511876 	   0.060885242569636 	  13.811634372702891 	 -94.040816326530646 
966.683617 	2868.177595387776819 	-4232.265205566859549 	  -0.571097639776278 	  14.788845968958189 	 -94.040816326530717 
996.892480 	2839.457215438443200 	-3769.174651443201128 	  -1.361570332196631 	  15.894585816220463 	 -94.040816326531598 
1027.101343 	2783.626063470534518 	-3270.278833141889663 	  -2.380894754333555 	  17.166885432685334 	 -94.040816326532138 
1057.310206 	2692.119039023239111 	-2729.768524186064496 	  -3.750060785524876 	  18.660689652987056 	 -94.040816326530887 
1087.519069 	2551.313682432344194 	-2139.813445139410305 	  -5.697135867012252 	  20.456444962605193 	 -94.040816326531228 
1117.727932 	2337.380582623896771 	-1489.678870271063715 	  -8.711511823794705 	  22.665267045451490 	 -94.040816326530546 
1147.936795 	2002.169572250680858 	-765.397790482907567 	 -14.071120028650840 	  25.357494631424977 	 -94.040816326531285 
1178.145658 	1421.613281743160087 	  38.903351089709041 	 -26.397363512108797 	  27.414666562243710 	 -94.040816326530489 
1208.354521 	 127.755979846574789 	 631.496125866408875 	 -65.099698040866343 	  -8.690059825093337 	 -94.040816326532877 
1238.563384 	 539.374256453446264 	-410.802020710772467 	  53.806599976275116 	  33.179447828753794 	 -94.040816326530148 
1268.772247 	1220.217240346913286 	 803.752362349138139 	   6.205114730887020 	  36.868333060765295 	 -94.040816326527420 
1298.981110 	1251.074689957836426 	1781.914358283370575 	  -2.369665005788763 	  28.597381266716525 	 -94.040816326527590 
1329.189973 	1129.713198547683987 	2563.566217102157225 	  -5.237544203728399 	  23.522083881912771 	 -94.040816326529807 
1359.398836 	 950.118245254741964 	3219.245337680854391 	  -6.498240080892144 	  20.082311871972571 	 -94.040816326528727 
1389.607699 	 743.370185620973757 	3785.899911655608321 	  -7.119862583938996 	  17.548340147067048 	 -94.040816326529352 
1419.816562 	 522.989774738648862 	4285.032331511371922 	  -7.434359405249402 	  15.571106698023197 	 -94.040816326529210 
1450.025425 	 295.854930859661749 	4730.371555810999780 	  -7.582647314419581 	  13.963805889997600 	 -94.040816326528898 
1480.234288 	  65.835602006285896 	5131.303149501676671 	  -7.633413113305528 	  12.616931036320937 	 -94.040816326528528 
1510.443151 	-164.732781577165866 	5494.579421405978792 	  -7.623532654465250 	  11.461626663280967 	 -94.040816326529125 
1540.652014 	-394.366919937613318 	5825.252593742850877 	  -7.574261763424256 	  10.452164658553276 	 -94.040816326529509 
1570.860877 	-622.087568863418483 	6127.221680053579803 	  -7.498534174007524 	   9.556823600354948 	 -94.040816326528912 
1601.069740 	-847.228473364601086 	6403.571774410843318 	  -7.404559005628008 	   8.752804330276097 	 -94.040816326528798 
1631.278603 	-1069.325258875984446 	6656.794523821212351 	  -7.297723301171485 	   8.023231880465376 	 -94.040816326528756 
1661.487466 	-1288.047741952043225 	6888.936978983159861 	  -7.181656913342692 	   7.355303357264193 	 -94.040816326528727 
1691.696329 	-1503.157082124310364 	7101.705367680500785 	  -7.058857044106560 	   6.739098049223718 	 -94.040816326528585 
1721.905192 	-1714.477773786708894 	7296.539443088500775 	  -6.931069132792991 	   6.166787036757665 	 -94.040816326528471 
1752.114055 	-1921.878831789714013 	7474.667015162405733 	  -6.799526979583446 	   5.632092853075124 	 -94.040816326528841 
1782.322918 	-2125.260851813871341 	7637.144770502181927 	  -6.665108488210464 	   5.129910724258237 	 -94.040816326528727 
1812.531781 	-2324.546925915880365 	7784.889378519358615 	  -6.528439187058639 	   4.656037167921681 	 -94.040816326528798 
1842.740644 	-2519.676146797336969 	7918.701571475601668 	  -6.389962517936843 	   4.206971695918257 	 -94.040816326528883 
1872.949507 	-2710.598885431266808 	8039.285047609418143 	  -6.249988450652925 	   3.779769391233887 	 -94.040816326529040 
1903.158370 	-2897.273304716619350 	8147.261496303627609 	  -6.108727649254120 	   3.371929583677689 	 -94.040816326528969 
1933.367233 	-3079.662747610628230 	8243.182674757590576 	  -5.966315815965673 	   2.981310591045678 	 -94.040816326528727 
1963.576096 	-3257.733751857515472 	8327.540212404051999 	  -5.822831237854905 	   2.606063579762621 	 -94.040816326528983 
1993.784959 	-3431.454518433264639 	8400.773642532749363 	  -5.678307552177967 	   2.244580651486603 	 -94.040816326529097 
2023.993822 	-3600.793711214459108 	8463.277035086906835 	  -5.532743096881350 	   1.895453652791937 	 -94.040816326528912 
2054.202685 	-3765.719499781864670 	8515.404514136058424 	  -5.386107786617314 	   1.557441163667220 	 -94.040816326528883 
2084.411548 	-3926.198781096571111 	8557.474877397162345 	  -5.238348170111815 	   1.229441791901162 	 -94.040816326529168 
2114.620411 	-4082.196532498069246 	8589.775486202657703 	  -5.089391131621005 	   0.910472377433838 	 -94.040816326529310 
2144.829274 	-4233.675260320305824 	8612.565557610754695 	  -4.939146566124538 	   0.599650054218804 	 -94.040816326529239 
2175.038137 	-4380.594516891983403 	8626.078962537014377 	  -4.787509264810011 	   0.296177367507064 	 -94.040816326529239 
2205.247000 	-4522.910464779726681 	8630.526612482364726 	  -4.634360181321904 	  -0.000670170965357 	 -94.040816326529225 
2235.455863 	-4660.575471525161447 	8626.098500954820338 	  -4.479567201621290 	  -0.291554569917337 	 -94.040816326529452 
2265.664726 	-4793.537721283915744 	8612.965452816204561 	  -4.322985505402531 	  -0.577084264229240 	 -94.040816326529622 
2295.873589 	-4921.740832019670052 	8591.280624644499767 	  -4.164457580943569 	  -0.857821737629447 	 -94.040816326529963 
2326.082452 	-5045.123468461400080 	8561.180791140537622 	  -4.003812935332615 	  -1.134290100625613 	 -94.040816326529921 
2356.291315 	-5163.618942053288265 	8522.787446135451319 	  -3.840867526320354 	  -1.406978815814389 	 -94.040816326529836 
2386.500178 	-5277.154789720342706 	8476.207741514499503 	  -3.675422929222624 	  -1.676348727010050 	 -94.040816326529651 
2416.709041 	-5385.652323508840709 	8421.535283082032038 	  -3.507265241328847 	  -1.942836520907139 	 -94.040816326529622 
2446.917905 	-5489.026143083711759 	8358.850798844488963 	  -3.336163716368004 	  -2.206858728414697 	 -94.040816326529651 
2477.126768 	-5587.183602696059097 	8288.222692215280404 	  -3.161869112102445 	  -2.468815356023265 	 -94.040816326529495 
2507.335631 	-5680.024223578652709 	8209.707490120486909 	  -2.984111724492947 	  -2.729093224589608 	 -94.040816326529608 
2537.544494 	-5767.439041771469419 	8123.350193803639741 	  -2.802599071567349 	  -2.988069083004261 	 -94.040816326529324 
2567.753357 	-5849.309880094735490 	8029.184538206523939 	  -2.617013178567786 	  -3.246112556794964 	 -94.040816326529296 
2597.962220 	-5925.508531327274795 	7927.233164075427339 	  -2.427007402524129 	  -3.503588986412854 	 -94.040816326529352 
2628.171083 	-5995.895837544358074 	7817.507705343630732 	  -2.232202718361146 	  -3.760862206465146 	 -94.040816326529338 
2658.379946 	-6060.320647931202984 	7700.008792825474302 	  -2.032183369076505 	  -4.018297315306222 	 -94.040816326529153 
2688.588809 	-6118.618634090713385 	7574.725973772806356 	  -1.826491758252093 	  -4.276263484065608 	 -94.040816326529111 
2718.797672 	-6170.610937743775139 	7441.637545348838103 	  -1.614622432647059 	  -4.535136855327829 	 -94.040816326529153 
2749.006535 	-6216.102620558825947 	7300.710298521583354 	  -1.396014963826351 	  -4.795303584293574 	 -94.040816326529011 
2779.215398 	-6254.880879355688194 	7151.899167224258235 	  -1.170045487947718 	  -5.057163079401477 	 -94.040816326529196 
2809.424261 	-6286.712981718718765 	6995.146775826474368 	  -0.936016598200664 	  -5.321131505168634 	 -94.040816326529239 
2839.633124 	-6311.343866605155199 	6830.382875953924668 	  -0.693145199761774 	  -5.587645617535698 	 -94.040816326529068 
2869.841987 	-6328.493341139437689 	6657.523661434911446 	  -0.440547825232258 	  -5.857167011389834 	 -94.040816326529068 
2900.050850 	-6337.852787470906151 	6476.470947579028689 	  -0.177222759070071 	  -6.130186871244187 	 -94.040816326528997 
2930.259713 	-6339.081270999469780 	6287.111198050666644 	   0.097971882208441 	  -6.407231329173748 	 -94.040816326529125 
2960.468576 	-6331.800911558891130 	6089.314379239207483 	   0.386345242675703 	  -6.688867548608407 	 -94.040816326529026 
2990.677439 	-6315.591339620283179 	5882.932618220005679 	   0.689407501600605 	  -6.975710667349849 	 -94.040816326528741 
3020.886302 	-6289.983006404992921 	5667.798636171191902 	   1.008912371680554 	  -7.268431745788946 	 -94.040816326528798 
3051.095165 	-6254.449044380947271 	5443.723924590362003 	   1.346911118442098 	  -7.567766871853157 	 -94.040816326528869 
3081.304028 	-6208.395274673403947 	5210.496627185901161 	   1.705821987628542 	  -7.874527563113235 	 -94.040816326528812 
3111.512891 	-6151.147817964058959 	4967.879086651216312 	   2.088520523300763 	  -8.189612560216611 	 -94.040816326528827 
3141.721754 	-6081.937566308826717 	4715.605014209662841 	   2.498458640293644 	  -8.514020988773598 	 -94.040816326528784 
3171.930617 	-5999.880484933341904 	4453.376243905907359 	   2.939823938181159 	  -8.848866610074079 	 -94.040816326528727 
3202.139480 	-5903.952287311487453 	4180.859049150678402 	   3.417756381224636 	  -9.195392349445470 	 -94.040816326528898 
3232.348343 	-5792.955384564862470 	3897.680037901088326 	   3.938648456205924 	  -9.554983214879528 	 -94.040816326529210 
3262.557206 	-5665.475017729745559 	3603.421728866371268 	   4.510569645500339 	  -9.929173545751878 	 -94.040816326529438 
3292.766069 	-5519.819905652175294 	3297.618092765425899 	   5.143880933374876 	 -10.319640098148676 	 -94.040816326529310 
3322.974932 	-5353.940161391375113 	2979.750721578180219 	   5.852148595137075 	 -10.728163234498092 	 -94.040816326529267 
3353.183795 	-5165.310855324909426 	2649.247085630825495 	   6.653545783882157 	 -11.156518628042081 	 -94.040816326529324 
3383.392658 	-4950.761878074585184 	2305.484053840467823 	   7.573081573468122 	 -11.606217431004712 	 -94.040816326529850 
3413.601521 	-4706.220453156279291 	1947.803684541833945 	   8.646301289567983 	 -12.077907967816753 	 -94.040816326529708 
3443.810384 	-4426.304637569391161 	1575.557305211849098 	   9.925754516003256 	 -12.569987742185795 	 -94.040816326529921 
3474.019247 	-4103.647454378877228 	1188.216581559554015 	  11.493039226367424 	 -13.075250829363595 	 -94.040816326529352 
3504.228110 	-3727.697675128487390 	 785.652735611532535 	  13.483081887287327 	 -13.572189747784947 	 -94.040816326529381 
3534.436973 	-3282.405598536335674 	 368.879011912179465 	  16.138361052426639 	 -13.999824610155198 	 -94.040816326529125 
3564.645836 	-2741.225938706591023 	 -57.737314535097667 	  19.947686065740999 	 -14.171861438646687 	 -94.040816326530262 
3594.854699 	-2054.503218723902592 	-478.453800250459551 	  26.073638218333912 	 -13.397384076710297 	 -94.040816326530319 
3625.063562 	-1110.156505678933399 	-824.568375745918161 	  37.965256269999543 	  -7.832274330861450 	 -94.040816326533104 
3655.272425 	 312.698686658769418 	-526.916841706747618 	  45.985720029564803 	  50.429855676427017 	 -94.040816326530603 
3685.481288 	-712.364891064775634 	 -39.796498930791778 	 -20.580735776400019 	 -57.300748171778864 	 -94.040816326541744 
3715.690151 	-556.379403939446433 	-1392.865043274277696 	  15.386880634461797 	 -33.373183312953884 	 -94.040816326545155 
3745.899014 	 -42.014996127438820 	-2210.378546373513927 	  17.673890617265616 	 -22.230428055018692 	 -94.040816326545212 
3776.107877 	 487.497772732940348 	-2788.705662657668199 	  17.241526458984165 	 -16.577598752352205 	 -94.040816326544075 
3806.316740 	 995.973032999172460 	-3233.120999091420799 	  16.402622717907356 	 -13.084354212080422 	 -94.040816326544672 
3836.525603 	1478.282695961204354 	-3589.866523465717819 	  15.534226812069225 	 -10.664943074586082 	 -94.040816326544871 
3866.734466 	1935.038695100758332 	-3883.628304075860797 	  14.716029389107815 	  -8.863692649959635 	 -94.040816326544018 
3896.943329 	2368.040694005948808 	-4129.307892160029951 	  13.961822787425657 	  -7.454544624059976 	 -94.040816326544217 
3927.152192 	2779.195227699141924 	-4336.681357880079304 	  13.268581537271647 	  -6.311758894577919 	 -94.040816326544501 
3957.361055 	3170.241650853859937 	-4512.558504534473286 	  12.629306951328532 	  -5.359366370389671 	 -94.040816326544657 
3987.569918 	3542.699068691425055 	-4661.902172137095477 	  12.036718467269958 	  -4.548510515718608 	 -94.040816326545027 
4017.778781 	3897.876798048829187 	-4788.458971860311067 	  11.484281789064175 	  -3.846199596591116 	 -94.040816326544714 
4047.987645 	4236.900975426930927 	-4895.138425213398477 	  10.966405936169430 	  -3.229264777247669 	 -94.040816326544999 
4078.196508 	4560.742464590012787 	-4984.252911879309977 	  10.478383347376436 	  -2.680903998829268 	 -94.040816326544856 
4108.405371 	4870.241689922559090 	-5057.676046336746367 	  10.016263411852851 	  -2.188600938221170 	 -94.040816326544814 
4138.614234 	5166.129516007463280 	-5116.950934235039313 	   9.576722690969069 	  -1.742817343732305 	 -94.040816326544757 
4168.823097 	5449.044424009166505 	-5163.366389516184427 	   9.156950936734146 	  -1.336141189288802 	 -94.040816326544984 
4199.031960 	5719.546538222229174 	-5198.011970283256233 	   8.754556537076766 	  -0.962714375597892 	 -94.040816326544842 
4229.240823 	5978.129073385971424 	-5221.818600939287535 	   8.367489882373656 	  -0.617837832808636 	 -94.040816326544700 
4259.449686 	6225.227701948797403 	-5235.589136258805411 	   7.993981786375379 	  -0.297692596146895 	 -94.040816326544700 
4289.658549 	6461.228251668637313 	-5240.021750377715762 	   7.632494068954134 	   0.000861302036347 	 -94.040816326544672 
4319.867412 	6686.473061983518164 	-5235.728106561233290 	   7.281679798248038 	   0.280432509029871 	 -94.040816326544629 
4350.076275 	6901.266259034849099 	-5223.247663977851516 	   6.940351154891005 	   0.543208579747341 	 -94.040816326544558 
4380.285138 	7105.878154239906507 	-5203.059080472283313 	   6.607453304229313 	   0.791039469664723 	 -94.040816326544686 
4410.494001 	7300.548928034243545 	-5175.589401467578682 	   6.282043012893909 	   1.025501621412708 	 -94.040816326544444 
4440.702864 	7485.491726605155236 	-5141.221539600061078 	   5.963271024428469 	   1.247947750651140 	 -94.040816326544217 
4470.911727 	7660.895273086350244 	-5100.300419412012161 	   5.650367425350821 	   1.459545947577697 	 -94.040816326544387 
4501.120590 	7826.926074098634672 	-5053.138068478966488 	   5.342629400175543 	   1.661310694530156 	 -94.040816326544444 
4531.329453 	7983.730286378072378 	-5000.017869066730782 	   5.039410902437955 	   1.854127695608181 	 -94.040816326544586 
4561.538316 	8131.435295503322777 	-4941.198135060152708 	   4.740113867550655 	   2.038773918160863 	 -94.040816326544544 
4591.747179 	8270.151048628491480 	-4876.915142262448171 	   4.444180669379819 	   2.215933891750336 	 -94.040816326544572 
4621.956042 	8399.971175047381621 	-4807.385712651943322 	   4.151087581109441 	   2.386213053938665 	 -94.040816326544416 
4652.164905 	8520.973921895825697 	-4732.809432316588754 	   3.860339046328381 	   2.550148744588728 	 -94.040816326544586 
4682.373768 	8633.222926990192718 	-4653.370566812533070 	   3.571462601388137 	   2.708219311368900 	 -94.040816326544643 
4712.582631 	8736.767846425127573 	-4569.239725362045647 	   3.284004317237979 	   2.860851685058994 	 -94.040816326544643 
4742.791494 	8831.644850903190672 	-4480.575315717924241 	   2.997524649871357 	   3.008427704473636 	 -94.040816326544615 
4773.000357 	8917.877001672010010 	-4387.524824017645187 	   2.711594604499449 	   3.151289410564425 	 -94.040816326544672 
4803.209220 	8995.474514268447820 	-4290.225948051585874 	   2.425792130559052 	   3.289743482676245 	 -94.040816326544657 
4833.418083 	9064.434915904030277 	-4188.807607716364146 	   2.139698673359193 	   3.424064953498048 	 -94.040816326544743 
4863.626946 	9124.743100180599868 	-4083.390852751810598 	   1.852895814069738 	   3.554500310379384 	 -94.040816326544885 
4893.835809 	9176.371280819128515 	-3974.089684970866983 	   1.564961933188371 	   3.681270067456032 	 -94.040816326545041 
4924.044672 	9219.278844148808275 	-3861.011809937129783 	   1.275468833780619 	   3.804570873981756 	 -94.040816326545340 
4954.253535 	9253.412098168560988 	-3744.259331317397482 	   0.983978259742996 	   3.924577208263535 	 -94.040816326545240 
4984.462398 	9278.703913992918388 	-3623.929399858105626 	   0.690038241038789 	   4.041442692736454 	 -94.040816326545141 
5014.671261 	9295.073253359019873 	-3500.114828052158828 	   0.393179192128521 	   4.155301053231638 	 -94.040816326545396 
5044.880124 	9302.424573521650018 	-3372.904681045128200 	   0.092909681349377 	   4.266266733709902 	 -94.040816326545283 
5075.088987 	9300.647098210965851 	-3242.384854165529759 	  -0.211288222680894 	   4.374435166012129 	 -94.040816326545368 
5105.297850 	9289.613940266981444 	-3108.638647661538471 	  -0.519964137126311 	   4.479882681849237 	 -94.040816326545809 
5135.506713 	9269.181057961681290 	-2971.747349814328572 	  -0.833705213339201 	   4.582666040575372 	 -94.040816326545908 
5165.715576 	9239.186022713827697 	-2831.790840631233095 	  -1.153142803973580 	   4.682821530367053 	 -94.040816326545723 
5195.924439 	9199.446570682537640 	-2688.848229883204567 	  -1.478960139489840 	   4.780363581139941 	 -94.040816326545695 
5226.133302 	9149.758904321322916 	-2542.998545464163271 	  -1.811901249265165 	   4.875282803390222 	 -94.040816326545908 
5256.342165 	9089.895702031868495 	-2394.321491090466679 	  -2.152781420513813 	   4.967543336131060 	 -94.040816326545979 
5286.551028 	9019.603784104729129 	-2242.898296473549635 	  -2.502499564156721 	   5.057079346407084 	 -94.040816326545965 
5316.759891 	8938.601370540978678 	-2088.812688637452538 	  -2.862052956908204 	   5.143790468548179 	 -94.040816326546093 
5346.968754 	8846.574850259046798 	-1932.152020507128555 	  -3.232554961951615 	   5.227535897667687 	 -94.040816326545993 
5377.177617 	8743.174960430556894 	-1773.008602965194086 	  -3.615256509141555 	   5.308126750599378 	 -94.040816326545894 
5407.386480 	8628.012247631277205 	-1611.481300273547959 	  -4.011572357661551 	   5.385316166167959 	 -94.040816326546022 
5437.595343 	8500.651646849739336 	-1447.677467550947767 	  -4.423113495668384 	   5.458786416838317 	 -94.040816326545936 
5467.804206 	8360.605966915712997 	-1281.715335054585466 	  -4.851727491379785 	   5.528132016997276 	 -94.040816326546150 
5498.013069 	8207.328006898884269 	-1113.726980577243467 	  -5.299549256420257 	   5.592837395213964 	 -94.040816326546562 
5528.221932 	8040.200940608604469 	-943.862083277367219 	  -5.769065603720881 	   5.652247078771325 	 -94.040816326546533 
5558.430795 	7858.526485262147617 	-772.292727354978297 	  -6.263198316684256 	   5.705525405308754 	 -94.040816326546377 
5588.639658 	7661.510200166520917 	-599.219634256956169 	  -6.785412412053976 	   5.751601341322175 	 -94.040816326546633 
5618.848521 	7448.243017901469102 	-424.880367055609270 	  -7.339859229501448 	   5.789091733437210 	 -94.040816326546420 
5649.057385 	7217.677756158294869 	-249.560302575544512 	  -7.931568502284961 	   5.816192694320394 	 -94.040816326546349 
5679.266248 	6968.598831936338684 	 -73.607560580900554 	  -8.566710651956837 	   5.830522842997540 	 -94.040816326546164 
5709.475111 	6699.582599833952372 	 102.546289158939857 	  -9.252961949976592 	   5.828891950562241 	 -94.040816326546505 
5739.683974 	6408.944489657151280 	 278.356878191168050 	 -10.000024050952703 	   5.806950673921197 	 -94.040816326546505 
5769.892837 	6094.667120509145207 	 453.124404714224625 	 -10.820381623959561 	   5.758644454880176 	 -94.040816326546178 
5800.101700 	5754.300261505996787 	 625.929909860919679 	 -11.730438879072628 	   5.675332527963002 	 -94.040816326546633 
5830.310563 	5384.817831929290151 	 795.536804315723771 	 -12.752281114596743 	   5.544308455028887 	 -94.040816326546718 
5860.519426 	4982.406968765923921 	 960.232540081918046 	 -13.916511171735459 	   5.346193776515532 	 -94.040816326546704 
5890.728289 	4542.145083812054509 	1117.561522601494062 	 -15.267026746824767 	   5.050071699596100 	 -94.040816326545922 
5920.937152 	4057.482838372975493 	1263.846960310822169 	 -16.869508167449123 	   4.603722091926140 	 -94.040816326545666 
5951.146015 	3519.370336212993607 	1393.267631911792478 	 -18.827488326667932 	   3.912140129893166 	 -94.040816326546462 
5981.354878 	2914.680021915543875 	1495.888451487910061 	 -21.315108989167818 	   2.784173411790992 	 -94.040816326546832 
6011.563741 	2223.133571160506563 	1552.837765067580449 	 -24.648978800644116 	   0.775542626126412 	 -94.040816326545439 
6041.772604 	1410.920305476689236 	1521.807679114598841 	 -29.442339714652295 	  -3.405988736718207 	 -94.040816326546178 
6071.981467 	 420.848396164308554 	1275.737873352066799 	 -36.413584197219073 	 -15.336136536845977 	 -94.040816326542540 
6102.190330 	-560.306327632801185 	 163.492030287103859 	  -1.807478846413342 	 -70.862115338661184 	 -94.040816326538334 
6132.399193 	 548.880365279024545 	 511.668521575917566 	 -18.368244874066104 	  55.752672598853366 	 -94.040816326539698 
6162.608056 	-346.016581839447952 	1498.914236035434215 	 -30.982439474877694 	  18.611881435757596 	 -94.040816326536401 
6192.816919 	-1218.036895050963267 	1884.745932325773083 	 -26.770636640191277 	   8.584180459439892 	 -94.040816326535548 
6223.025782 	-1972.731305531926182 	2071.239810468076485 	 -23.358954482196534 	   4.248929608879830 	 -94.040816326535889 
6253.234645 	-2637.674572499005535 	2160.317232444533602 	 -20.776237940750121 	   1.851352285716341 	 -94.040816326535975 
6283.443508 	-3233.512504731634181 	2191.803502309977375 	 -18.746171683289916 	   0.336452928123310 	 -94.040816326535037 
6313.652371 	-3774.018209703359389 	2185.371431122098329 	 -17.090010764422708 	  -0.702693673030399 	 -94.040816326535634 
6343.861234 	-4268.698921123869695 	2152.200209710174477 	 -15.697978518533040 	  -1.455902010242911 	 -94.040816326535762 
6374.070097 	-4724.402109051536172 	2099.263628042678192 	 -14.500123847371560 	  -2.023624827950235 	 -94.040816326536259 
6404.278960 	-5146.244883400824619 	2031.212394731740687 	 -13.449851925095151 	  -2.464028500341976 	 -94.040816326536458 
6434.487823 	-5538.169387580713192 	1951.307845310968332 	 -12.514856778502384 	  -2.813142880768676 	 -94.040816326535946 
6464.696686 	-5903.289443699703043 	1861.928685801603933 	 -11.671956442551055 	  -3.094486498486372 	 -94.040816326536188 
6494.905549 	-6244.115974190342968 	1764.865690544295603 	 -10.904022993293825 	  -3.324067652814464 	 -94.040816326535804 
6525.114412 	-6562.708989253866093 	1661.502747189765614 	 -10.198081984260769 	  -3.513161836801797 	 -94.040816326536032 
6555.323275 	-6860.783322599444546 	1552.933158381344356 	  -9.544092080546593 	  -3.669939970051865 	 -94.040816326535960 
6585.532138 	-7139.784210679574244 	1440.037175697219482 	  -8.934135809215016 	  -3.800466722987770 	 -94.040816326535520 
6615.741001 	-7400.942602289180286 	1323.535333528662704 	  -8.361867521015302 	  -3.909336207079885 	 -94.040816326535491 
6645.949864 	-7645.316474602461312 	1204.026134447665072 	  -7.822127298927312 	  -4.000090042931005 	 -94.040816326535293 
6676.158727 	-7873.822257673444255 	1082.013304945902746 	  -7.310664898327273 	  -4.075500089011336 	 -94.040816326535122 
6706.367590 	-8087.259118980593485 	 957.925915057304678 	  -6.823938441499028 	  -4.137764356479395 	 -94.040816326535236 
6736.576453 	-8286.327996943022299 	 832.133501898603299 	  -6.358965016081138 	  -4.188645704770678 	 -94.040816326535023 
6766.785316 	-8471.646707261770644 	 704.957623845962303 	  -5.913208021691841 	  -4.229571907549674 	 -94.040816326534582 
6796.994179 	-8643.762067324048985 	 576.680818441714109 	  -5.484490995390665 	  -4.261709074952000 	 -94.040816326534667 
6827.203042 	-8803.159724986133369 	 447.553641398585683 	  -5.070930821578075 	  -4.286016342340161 	 -94.040816326534667 
6857.411905 	-8950.272197666354259 	 317.800266954955305 	  -4.670885338208112 	  -4.303287156187558 	 -94.040816326534923 
6887.620768 	-9085.485499871259890 	 187.622995805012835 	  -4.282911775229165 	  -4.314180817581745 	 -94.040816326534852 
6917.829631 	-9209.144645305865197 	  57.205924039519019 	  -3.905733440763330 	  -4.319246840122443 	 -94.040816326534724 
6948.038494 	-9321.558242589095244 	 -73.282038758424818 	  -3.538212755161517 	  -4.318943935823756 	 -94.040816326534795 
6978.247357 	-9423.002353945938012 	-203.684660743278471 	  -3.179329218553945 	  -4.313654933583865 	 -94.040816326534639 
7008.456220 	-9513.723749074521038 	-333.856280586446246 	  -2.828161246407998 	  -4.303698580548599 	 -94.040816326534639 
7038.665083 	-9593.942658232983376 	-463.660018744729655 	  -2.483871061423014 	  -4.289338926534416 	 -94.040816326534667 
7068.873946 	-9663.855107032261003 	-592.966242455704901 	  -2.145692016824603 	  -4.270792812554628 	 -94.040816326534554 
7099.082809 	-9723.634898741158395 	-721.651233372573643 	  -1.812917864901782 	  -4.248235854531766 	 -94.040816326534582 
7129.291672 	-9773.435296869783997 	-849.596017050067076 	  -1.484893588717066 	  -4.221807217768299 	 -94.040816326534539 
7159.500535 	-9813.390450498647624 	-976.685321296443135 	  -1.161007493607092 	  -4.191613406641735 	 -94.040816326534781 
7189.709398 	-9843.616596601283163 	-1102.806636340078967 	  -0.840684314970100 	  -4.157731240339648 	 -94.040816326534596 
7219.918261 	-9864.213066974016328 	-1227.849354271950233 	  -0.523379144623566 	  -4.120210144369066 	 -94.040816326534880 
7250.127124 	-9875.263121968337146 	-1351.703968642098062 	  -0.208572013115344 	  -4.079073855588104 	 -94.040816326534951 
7280.335988 	-9876.834628731588964 	-1474.261317643045231 	   0.104237007741184 	  -4.034321613091157 	 -94.040816326534994 
7310.544851 	-9868.980597886609758 	-1595.411856175624962 	   0.415532297362262 	  -3.985928886574841 	 -94.040816326535179 
7340.753714 	-9851.739589341976171 	-1715.044943382478095 	   0.725786873797316 	  -3.933847676408964 	 -94.040816326535136 
7370.962577 	-9825.135995086495313 	-1833.048133034588091 	   1.035466364696833 	  -3.878006404433036 	 -94.040816326535065 
7401.171440 	-9789.180204268797752 	-1949.306454518316059 	   1.345032842764085 	  -3.818309400593101 	 -94.040816326535193 
7431.380303 	-9743.868653496090701 	-2063.701672122378113 	   1.654948601914401 	  -3.754635977140833 	 -94.040816326535236 
7461.589166 	-9689.183763019298567 	-2176.111509870032933 	   1.965679948446672 	  -3.686839068509036 	 -94.040816326535420 
7491.798029 	-9625.093757223017747 	-2286.408828264035492 	   2.277701082286647 	  -3.614743400416485 	 -94.040816326535335 
7522.006892 	-9551.552365524848938 	-2394.460737969871388 	   2.591498146841433 	  -3.538143135438698 	 -94.040816326535378 
7552.215755 	-9468.498397328006831 	-2500.127633590035657 	   2.907573532416055 	  -3.456798923274532 	 -94.040816326535577 
7582.424618 	-9375.855181966131568 	-2603.262128180080708 	   3.226450527869603 	  -3.370434261093422 	 -94.040816326535207 
7612.633481 	-9273.529861524060834 	-2703.707865889612094 	   3.548678428819683 	  -3.278731041201294 	 -94.040816326534951 
7642.842344 	-9161.412520882877288 	-2801.298185889319484 	   3.874838229091159 	  -3.181324127889207 	 -94.040816326534951 
7673.051207 	-9039.375135158212288 	-2895.854605314572837 	   4.205549046436615 	  -3.077794760147647 	 -94.040816326535008 
7703.260070 	-8907.270309678755439 	-2987.185081968971190 	   4.541475465469918 	  -2.967662518414375 	 -94.040816326535122 
7733.468933 	-8764.929781523009297 	-3075.082008516172664 	   4.883336022503728 	  -2.850375516792500 	 -94.040816326534895 
7763.677796 	-8612.162644055722922 	-3159.319878196761238 	   5.231913111665520 	  -2.725298380368546 	 -94.040816326534696 
7793.886659 	-8448.753246430003855 	-3239.652546842880838 	   5.588064663576872 	  -2.591697430620490 	 -94.040816326534866 
7824.095522 	-8274.458708040123383 	-3315.809995875401000 	   5.952738042991605 	  -2.448722316365090 	 -94.040816326534824 
7854.304385 	-8089.005972603100417 	-3387.494474288796027 	   6.326986738507786 	  -2.295383072690438 	 -94.040816326534951 
7884.513248 	-7892.088306791703872 	-3454.375861828485995 	   6.711990587723404 	  -2.130521235358839 	 -94.040816326535094 
7914.722111 	-7683.361122575844092 	-3516.086046980613446 	   7.109080512112753 	  -1.952773137320288 	 -94.040816326535165 
7944.930974 	-7462.436968474116838 	-3572.212046630594159 	   7.519769052297555 	  -1.760522796909831 	 -94.040816326535150 
7975.139837 	-7228.879489671020565 	-3622.287501241724840 	   7.945788432746756 	  -1.551840764336696 	 -94.040816326535122 
8005.348700 	-6982.196095971751674 	-3665.782047886534656 	   8.389138499485158 	  -1.324403749801174 	 -94.040816326535335 
8035.557563 	-6721.828993374507263 	-3702.087884389361079 	   8.852147746749550 	  -1.075387529652651 	 -94.040816326535321 
8065.766426 	-6447.144120105780530 	-3730.502561033514667 	   9.337551903093294 	  -0.801322045154001 	 -94.040816326535065 
8095.975289 	-6157.417367056575131 	-3750.206622792464714 	   9.848596375931056 	  -0.497891967202754 	 -94.040816326534923 
8126.184152 	-5851.817234167560855 	-3760.234093350256899 	  10.389171554148591 	  -0.159656886576961 	 -94.040816326535207 
8156.393015 	-5529.382745575566332 	-3759.432802581291980 	  10.963994007100901 	   0.220349860674029 	 -94.040816326535094 
8186.601878 	-5188.994966685106192 	-3746.409964327780472 	  11.578852719012366 	   0.651210730341396 	 -94.040816326534809 
8216.810741 	-4829.339758009271463 	-3719.455756949267652 	  12.240948754293747 	   1.145015176351841 	 -94.040816326534738 
8247.019604 	-4448.858346433597035 	-3676.433075055092559 	  12.959370675877633 	   1.718251827645817 	 -94.040816326535221 
8277.228467 	-4045.680728710239237 	-3614.613357717958934 	  13.745768159392883 	   2.394068600693790 	 -94.040816326535420 
8307.437330 	-3617.534659691821616 	-3530.422735529370129 	  14.615311512118765 	   3.206113870438390 	 -94.040816326535392 
8337.646193 	-3161.620028836320671 	-3419.031215766663536 	  15.588039608258853 	   4.205437051883582 	 -94.040816326535406 
8367.855056 	-2674.436054341239924 	-3273.649395047749294 	  16.690619061570519 	   5.473765196263017 	 -94.040816326535406 
8398.063919 	-2151.554386661794979 	-3084.235546408739992 	  17.957954109603016 	   7.151369494074629 	 -94.040816326534213 
8428.272782 	-1587.383512591704402 	-2834.886076961191975 	  19.430877824854299 	   9.502634296727972 	 -94.040816326534724 
8458.481645 	-975.285503390966369 	-2497.849486159891512 	  21.127320041729597 	  13.096539901147954 	 -94.040816326535094 
8488.690508 	-310.508808608072229 	-2016.981859693623846 	  22.822909657365372 	  19.430671842707156 	 -94.040816326534241 
8518.899371 	 381.078429424807439 	-1246.654097614596594 	  21.706156760671181 	  33.956082873477648 	 -94.040816326533331 
8549.108234 	 493.420987683799012 	 259.599434528218467 	 -47.634576972855946 	  56.005097966289938 	 -94.040816326532877 
8579.317097 	-107.524503733479690 	-781.058403497364566 	  46.818330566029729 	 -31.919696018232784 	 -94.040816326526055 
8609.525960 	1166.001433282734297 	-1061.055002056308922 	  35.509081970996988 	   1.992202487869345 	 -94.040816326530489 
8639.734823 	2093.232465210474402 	-896.538781158500115 	  26.764055993029185 	   7.646062311355080 	 -94.040816326529693 
8669.943686 	2818.705389262433073 	-636.016041817562837 	  21.655409208407786 	   9.304559622029366 	 -94.040816326529864 
8700.152549 	3418.338017323045733 	-344.981081700545360 	  18.242590093609845 	   9.860537888784306 	 -94.040816326530944 
8730.361412 	3930.025136335008938 	 -44.333556580663171 	  15.750055397678127 	  10.000379810427503 	 -94.040816326531342 
8760.570275 	4375.513702311186535 	 257.389550338010508 	  13.818121818922847 	   9.954634615469283 	 -94.040816326531427 
8790.779138 	4768.589833061323588 	 556.200969106456569 	  12.256620197945475 	   9.817817357130531 	 -94.040816326531157 
8820.988001 	5118.632716333757344 	 850.092589406351522 	  10.954820145051791 	   9.633942139710138 	 -94.040816326530518 
8851.196864 	5432.364831253307784 	1138.016249403495976 	   9.843417745625622 	   9.425355427090246 	 -94.040816326530759 
8881.405728 	5714.800477547049923 	1419.425258905449937 	   8.876553061354892 	   9.204101496449391 	 -94.040816326530972 
8911.614591 	5969.799120924520139 	1694.048556203307498 	   8.022510323118253 	   8.976938912762597 	 -94.040816326531456 
8941.823454 	6200.407514243031983 	1961.771642343931489 	   7.258556245356074 	   8.747752414966605 	 -94.040816326531427 
8972.032317 	6409.081385964833316 	2222.570459372767800 	   6.567906440379243 	   8.518792561110619 	 -94.040816326531299 
9002.241180 	6597.834750957511460 	2476.473162298281750 	   5.937856391581316 	   8.291347701212418 	 -94.040816326531711 
9032.450043 	6768.343781932203456 	2723.537319325934277 	   5.358583454097114 	   8.066124265391393 	 -94.040816326532138 
9062.658906 	6922.021083961606564 	2963.835989098389746 	   4.822352699922814 	   7.843469678234848 	 -94.040816326532280 
9092.867769 	7060.070075250782793 	3197.449072655976124 	   4.322975012133979 	   7.623506830666841 	 -94.040816326532266 
9123.076632 	7183.525627898679886 	3424.457882844564665 	   3.855427880708452 	   7.406217107544709 	 -94.040816326532124 
9153.285495 	7293.284991092048585 	3644.941717961746690 	   3.415584123756467 	   7.191492602845993 	 -94.040816326531939 
9183.494358 	7390.131696537622702 	3858.975704370986932 	   3.000013986842169 	   6.979169412117508 	 -94.040816326531996 
9213.703221 	7474.754301032128751 	4066.629451924236946 	   2.605838234960336 	   6.769049051719592 	 -94.040816326531896 
9243.912084 	7547.761267326211055 	4267.966233454182657 	   2.230617379551948 	   6.560912289323752 	 -94.040816326531683 
9274.120947 	7609.692913129322733 	4463.042502386980232 	   1.872266964908429 	   6.354528046298602 	 -94.040816326531825 
9304.329810 	7661.031103962960515 	4651.907626926100420 	   1.528991947549223 	   6.149659055416275 	 -94.040816326531527 
9334.538673 	7702.207188374848556 	4834.603760317556407 	   1.199235266686338 	   5.946065356298101 	 -94.040816326531640 
9364.747536 	7733.608548388636336 	5011.165793280352773 	   0.881637101092059 	   5.743506334094572 	 -94.040816326531555 
9394.956399 	7755.584047603046201 	5181.621352097977251 	   0.575002269806379 	   5.541741766310372 	 -94.040816326531470 
9425.165262 	7768.448593305963186 	5345.990817388306823 	   0.278273907235088 	   5.340532186638399 	 -94.040816326531399 
9455.374125 	7772.486980114103972 	5504.287346241650994 	  -0.009487978983753 	   5.139638771932761 	 -94.040816326531342 
9485.582988 	7767.957146081449537 	5656.516885539364011 	  -0.289124115193450 	   4.938822889843475 	 -94.040816326531370 
9515.791851 	7755.092944543021986 	5802.678167673009739 	  -0.561390531451952 	   4.737845398159711 	 -94.040816326531370 
9546.000714 	7734.106513796700710 	5942.762682122570368 	  -0.826970706724659 	   4.536465754936076 	 -94.040816326531427 
9576.209577 	7705.190310384676195 	6076.754617778844477 	  -1.086485765087046 	   4.334440976083757 	 -94.040816326531569 
9606.418440 	7668.518859003967918 	6204.630771748059487 	  -1.340503095169091 	   4.131524461061852 	 -94.040816326531385 
9636.627303 	7624.250262068036136 	6326.360420812627126 	  -1.589543686663487 	   3.927464695448769 	 -94.040816326531328 
9666.836166 	7572.527504012329700 	6441.905151844042848 	  -1.834088417708510 	   3.722003830041000 	 -94.040816326531427 
9697.045029 	7513.479579101779564 	6551.218647337358561 	  -2.074583480665688 	   3.514876128692529 	 -94.040816326531285 
9727.253892 	7447.222466399541190 	6654.246421902222210 	  -2.311445097846876 	   3.305806270633695 	 -94.040816326531214 
9757.462755 	7373.859971420231886 	6750.925505022547441 	  -2.545063650616653 	   3.094507486931580 	 -94.040816326531299 
9787.671618 	7293.484450609337728 	6841.184064690412924 	  -2.775807323160669 	   2.880679504620830 	 -94.040816326531271 
9817.880481 	7206.177432005726587 	6924.940965622077783 	  -3.004025344695189 	   2.664006265442286 	 -94.040816326531285 
9848.089344 	7112.010143131809855 	7002.105254655873978 	  -3.230050899957820 	   2.444153378687886 	 -94.040816326531314 
9878.298207 	7011.043955220626231 	7072.575564580030914 	  -3.454203766673297 	   2.220765258952763 	 -94.040816326531399 
9908.507070 	6903.330751256075928 	7136.239426000455751 	  -3.676792729718349 	   1.993461889168015 	 -94.040816326531413 
9938.715933 	6788.913223914710215 	7192.972474870800397 	  -3.898117814431008 	   1.761835136566329 	 -94.040816326531512 
9968.924796 	6667.825108307710252 	7242.637540893704681 	  -4.118472375529244 	   1.525444533508210 	 -94.040816326531356 
9999.133659 	6540.091353398406682 	7285.083599055139530 	  -4.338145073082844 	   1.283812415463873 	 -94.040816326531470 
10029.342522 	6405.728235088114161 	7320.144562942254197 	  -4.557421762613663 	   1.036418283716965 	 -94.040816326531456 
10059.551385 	6264.743413205967045 	7347.637894038331979 	  -4.776587322372048 	   0.782692228961565 	 -94.040816326531584 
10089.760248 	6117.135934003302282 	7367.362995658917498 	  -4.995927436804656 	   0.522007211796081 	 -94.040816326531569 
10119.969111 	5962.896179243494771 	7379.099353281337244 	  -5.215730350764187 	   0.253669944321678 	 -94.040816326531399 
10150.177974 	5802.005762618962763 	7382.604374320833813 	  -5.436288603541801 	  -0.023089950279387 	 -94.040816326531214 
10180.386837 	5634.437374055749387 	7377.610869373199421 	  -5.657900744519671 	  -0.309132911588404 	 -94.040816326531171 
10210.595700 	5460.154572558494692 	7363.824102835185840 	  -5.880873021949782 	  -0.605425077407529 	 -94.040816326531228 
10240.804563 	5279.111528718012778 	7340.918322616811565 	  -6.105521021265856 	  -0.913057265017564 	 -94.040816326531228 
10271.013426 	5091.252719035229347 	7308.532654973168974 	  -6.332171206649217 	  -1.233268192954269 	 -94.040816326531456 
10301.222289 	4896.512576099412399 	7266.266219343636294 	  -6.561162284950503 	  -1.567473125308053 	 -94.040816326531285 
10331.431152 	4694.815101850084829 	7213.672276715103180 	  -6.792846257607237 	  -1.917299517278892 	 -94.040816326531527 
10361.640015 	4486.073456378368064 	7150.251169428860521 	  -7.027588942750024 	  -2.284631795672693 	 -94.040816326531655 
10391.848878 	4270.189543138261797 	7075.441734709699631 	  -7.265769617995789 	  -2.671668195217910 	 -94.040816326531257 
10422.057741 	4047.053624924808901 	6988.610769896367856 	  -7.507779224052231 	  -3.080993705253573 	 -94.040816326531086 
10452.266604 	3816.544026617352756 	6889.039981421957236 	  -7.754016228511782 	  -3.515674841226974 	 -94.040816326531157 
10482.475467 	3578.527015650935937 	6775.909642124186576 	  -8.004878688463920 	  -3.979384430218758 	 -94.040816326531214 
10512.684331 	3332.857008282372590 	6648.277881282541784 	  -8.260750110743100 	  -4.476568363713292 	 -94.040816326531072 
10542.893194 	3079.377344341592107 	6505.054088935060463 	  -8.521975100097823 	  -5.012672123167784 	 -94.040816326531200 
10573.102057 	2817.922032833974299 	6344.964248480951937 	  -8.788817965340110 	  -5.594454208740864 	 -94.040816326531285 
10603.310920 	2548.319146192903645 	6166.504980767319466 	  -9.061392369952433 	  -6.230428871407305 	 -94.040816326531328 
10633.519783 	2270.397028694791061 	5967.881447360626225 	  -9.339540652942965 	  -6.931506335972059 	 -94.040816326530674 
10663.728646 	1983.995375292835433 	5746.921584795352828 	  -9.622623175863589 	  -7.711943798994890 	 -94.040816326530745 
10693.937509 	1688.984924627130567 	5500.954606817946114 	  -9.909141215722803 	  -8.590802563524830 	 -94.040816326530575 
10724.146372 	1385.302849051248131 	5226.633708431845662 	 -10.196038788091480 	  -9.594263111074794 	 -94.040816326530575 
10754.355235 	1073.017885140013277 	4919.668095563538373 	 -10.477352726624106 	 -10.759464585842959 	 -94.040816326530859 
10784.564098 	 752.454705655876296 	4574.400477444638454 	 -10.741453593245620 	 -12.141209798709308 	 -94.040816326530773 
10814.772961 	 424.444149027361277 	4183.105470453368071 	 -10.964988156041040 	 -13.824438274010507 	 -94.040816326531001 
10844.981824 	  90.864288663616037 	3734.746390462480122 	 -11.098270370057477 	 -15.949337481923454 	 -94.040816326530916 
10875.190687 	-244.066081398101517 	3212.580343507723683 	 -11.025263162671060 	 -18.767279153918089 	 -94.040816326530518 
10905.399550 	-570.212939397544346 	2589.005030555932080 	 -10.432134550418262 	 -22.782982061498654 	 -94.040816326529637 
10935.608413 	-859.164921286317053 	1812.700790920700683 	  -8.235803694594004 	 -29.180604919721628 	 -94.040816326529296 
10965.817276 	-1000.842834866506564 	 771.368143552815354 	   1.485175452028696 	 -41.110967274664674 	 -94.040816326528443 
10996.026139 	-158.527388576224837 	-510.655568639150886 	  75.544120535754487 	  -8.976203943354907 	 -94.040816326526055 
11026.235002 	-423.417906892041060 	 710.789118325318555 	 -54.708546759751520 	  -2.630404301863141 	 -94.040816326519234 
11056.443865 	-1599.969645970229067 	 215.492845603391544 	 -27.825301196028164 	 -21.252807358651133 	 -94.040816326515369 
11086.652728 	-2269.559153593153042 	-430.324381895864235 	 -17.845075404713292 	 -21.008119998957046 	 -94.040816326517870 
11116.861591 	-2725.550235246610555 	-1043.854902536757436 	 -12.810936899554664 	 -19.582379586505080 	 -94.040816326516222 
11147.070454 	-3062.604042045622009 	-1613.916664354396289 	  -9.719270140952851 	 -18.182596013505272 	 -94.040816326517728 
11177.279317 	-3322.343940771326288 	-2144.028197325297242 	  -7.594689646709555 	 -16.940819420222574 	 -94.040816326518211 
11207.488180 	-3526.997335449398634 	-2638.967873024474102 	  -6.026389306419225 	 -15.850153105617133 	 -94.040816326517614 
11237.697043 	-3689.962352671076133 	-3102.922977565923702 	  -4.810215374379415 	 -14.885172953713617 	 -94.040816326516975 
11267.905906 	-3820.007544698617494 	-3539.321415845252432 	  -3.832598878837758 	 -14.022171072554578 	 -94.040816326516790 
11298.114769 	-3923.223298187245291 	-3950.943940405557441 	  -3.024989353478178 	 -13.242061286676915 	 -94.040816326516833 
11328.323632 	-4004.034578417761168 	-4340.060333946336868 	  -2.343372837168227 	 -12.529956601439974 	 -94.040816326516492 
11358.532495 	-4065.771694089702578 	-4708.542621386397514 	  -1.758088796240778 	 -11.874261434664568 	 -94.040816326516207 
11388.741358 	-4111.013200487922404 	-5057.951886040689715 	  -1.248356515022784 	 -11.265866814563461 	 -94.040816326516335 
11418.950221 	-4141.802696432894663 	-5389.603599531517830 	  -0.799143974057454 	 -10.697532568917806 	 -94.040816326516335 
11449.159084 	-4159.791732868920917 	-5704.616834382568413 	  -0.399283315060614 	 -10.163431497476285 	 -94.040816326516364 
11479.367947 	-4166.337348816684425 	-6003.951647354401757 	  -0.040287558781013 	  -9.658815690078310 	 -94.040816326516364 
11509.576810 	-4162.570628628569466 	-6288.437791214210847 	   0.284419439121125 	  -9.179771218215484 	 -94.040816326515994 
11539.785673 	-4149.446122375367850 	-6558.797025188643602 	   0.580019714960455 	  -8.723036123733374 	 -94.040816326515568 
11569.994536 	-4127.778260091339689 	-6815.660650939947118 	   0.850657275563013 	  -8.285863853246767 	 -94.040816326515198 
11600.203399 	-4098.268702731070334 	-7059.583446088186975 	   1.099689243009305 	  -7.865919577876151 	 -94.040816326515454 
11630.412262 	-4061.527237267354849 	-7291.054847362532200 	   1.329866656857397 	  -7.461200552125799 	 -94.040816326515511 
11660.621125 	-4018.087983092709237 	-7510.508009487899471 	   1.543467026880348 	  -7.069974239431262 	 -94.040816326515596 
11690.829988 	-3968.422133803474026 	-7718.327204991594954 	   1.742393105623054 	  -6.690729714691630 	 -94.040816326515554 
11721.038851 	-3912.948098957099319 	-7914.853914358903239 	   1.928247572002236 	  -6.322139095961311 	 -94.040816326515369 
11751.247714 	-3852.039667294984611 	-8100.391871794388862 	   2.102390249019222 	  -5.963026629898158 	 -94.040816326515326 
11781.456577 	-3786.032645338598286 	-8275.211269961353537 	   2.265982464957239 	  -5.612343674482442 	 -94.040816326515440 
11811.665440 	-3715.230307710306079 	-8439.552281076175859 	   2.420021819363204 	  -5.269148266128064 	 -94.040816326515440 
11841.874303 	-3639.907911753395183 	-8593.628017182030817 	   2.565369696219959 	  -4.932588279543775 	 -94.040816326515483 
11872.083166 	-3560.316468456666826 	-8737.627026201145782 	   2.702773229935232 	  -4.601887423655436 	 -94.040816326515227 
11902.292029 	-3476.685917318181509 	-8871.715400256027351 	   2.832882981738084 	  -4.276333490388606 	 -94.040816326515213 
11932.500892 	-3389.227819887185433 	-8996.038557179388590 	   2.956267264372889 	  -3.955268402352378 	 -94.040816326515184 
11962.709755 	-3298.137662066148550 	-9110.722743953090685 	   3.073423821845929 	  -3.638079702526258 	 -94.040816326515213 
11992.918618 	-3203.596836590234943 	-9215.876301195436099 	   3.184789401802925 	  -3.324193202462992 	 -94.040816326515227 
12023.127481 	-3105.774362846881559 	-9311.590720133443028 	   3.290747632829237 	  -3.013066561367167 	 -94.040816326515227 
12053.336344 	-3004.828390227558430 	-9397.941517293260404 	   3.391635525122046 	  -2.704183611068904 	 -94.040816326515369 
12083.545207 	-2900.907522706134387 	-9474.988947068868583 	   3.487748841899845 	  -2.397049274552222 	 -94.040816326515539 
12113.754071 	-2794.151995723992513 	-9542.778568120549608 	   3.579346534445112 	  -2.091184950626058 	 -94.040816326515497 
12143.962934 	-2684.694731299253363 	-9601.341676004713008 	   3.666654391422711 	  -1.786124256222603 	 -94.040816326515454 
12174.171797 	-2572.662293248294645 	-9650.695611382276184 	   3.749868019884213 	  -1.481409031897421 	 -94.040816326515241 
12204.380660 	-2458.175761276390858 	-9690.843950462447538 	   3.829155248804363 	  -1.176585526268609 	 -94.040816326515085 
12234.589523 	-2341.351540287456373 	-9721.776581905123749 	   3.904658024335423 	  -0.871200681985990 	 -94.040816326514971 
12264.798386 	-2222.302119454244348 	-9743.469672132614505 	   3.976493847855075 	  -0.564798449775944 	 -94.040816326515042 
12295.007249 	-2101.136794288158399 	-9755.885518809191126 	   4.044756792254274 	  -0.256916058396691 	 -94.040816326514843 
12325.216112 	-1977.962364092199095 	-9758.972290053121469 	   4.109518117883102 	   0.052919832952000 	 -94.040816326514800 
12355.424975 	-1852.883816734007041 	-9752.663644675205433 	   4.170826496378036 	   0.365197177158977 	 -94.040816326515014 
12385.633838 	-1726.005012624294750 	-9736.878226303795600 	   4.228707837520783 	   0.680422860864946 	 -94.040816326515241 
12415.842701 	-1597.429380136742793 	-9711.519021570435143 	   4.283164700606110 	   0.999127399496929 	 -94.040816326515227 
12446.051564 	-1467.260635487575200 	-9676.472569484372798 	   4.334175256740560 	   1.321870113787966 	 -94.040816326515170 
12476.260427 	-1335.603541362778060 	-9631.608005591369874 	   4.381691751138419 	   1.649244914438905 	 -94.040816326515099 
12506.469290 	-1202.564720422889422 	-9576.775920333753675 	   4.425638393691845 	   1.981886845952893 	 -94.040816326514800 
12536.678153 	-1068.253542355761965 	-9511.807006007618838 	   4.465908580401986 	   2.320479572472443 	 -94.040816326515142 
12566.887016 	-932.783106561598174 	-9436.510460592051459 	   4.502361315717740 	   2.665764029863341 	 -94.040816326514928 
12597.095879 	-796.271347087601953 	-9350.672109170269323 	   4.534816663770224 	   3.018548522320754 	 -94.040816326515184 
12627.304742 	-658.842292421728303 	-9254.052194237372532 	   4.563050001211722 	   3.379720612567729 	 -94.040816326515497 
12657.513605 	-520.627520680390035 	-9146.382774298313961 	   4.586784770626402 	   3.750261248042459 	 -94.040816326515625 
12687.722468 	-381.767861247877534 	-9027.364655014278469 	   4.605683333765964 	   4.131261689427773 	 -94.040816326515568 
12717.931331 	-242.415407984385240 	-8896.663757661493946 	   4.619335387240445 	   4.523943973960389 	 -94.040816326515198 
12748.140194 	-102.735928058622520 	-8753.906804320151423 	   4.627243213620878 	   4.929685870669138 	 -94.040816326514914 
12778.349057 	  37.088223777941145 	-8598.676165900493288 	   4.628802773986357 	   5.350051592033116 	 -94.040816326515028 
12808.557920 	 176.854540223572855 	-8430.503674843514091 	   4.623279266908874 	   5.786829951905932 	 -94.040816326514971 
12838.766783 	 316.335951160032778 	-8248.863144793596803 	   4.609775226585635 	   6.242082255885467 	 -94.040816326515042 
12868.975646 	 455.275303778724776 	-8053.161258436779462 	   4.587188419099069 	   6.718203058182441 	 -94.040816326514914 
12899.184509 	 593.378368821882646 	-7842.726372684065609 	   4.554155575290477 	   7.217998143185310 	 -94.040816326515326 
12929.393372 	 730.304862831148625 	-7616.794633348920797 	   4.508976132118867 	   7.744785887158794 	 -94.040816326515355 
12959.602235 	 865.656759525429038 	-7374.492567703124223 	   4.449507237733775 	   8.302530842975935 	 -94.040816326515255 
12989.811098 	 998.962834413340033 	-7114.814998680513781 	   4.373016608718852 	   8.896022491193548 	 -94.040816326515426 
13020.019961 	1129.657875590991125 	-6836.596644193449720 	   4.275972160939108 	   9.531118497470462 	 -94.040816326515284 
13050.228824 	1257.054178527867862 	-6538.475038667463195 	   4.153734360483976 	  10.215082043446609 	 -94.040816326515170 
13080.437687 	1380.301603756445502 	-6218.841288398996767 	   4.000094536206286 	  10.957059601742733 	 -94.040816326515042 
13110.646550 	1498.330202042002156 	-5875.773380315714348 	   3.806561119172201 	  11.768773986795875 	 -94.040816326515198 
13140.855413 	1609.765395960577962 	-5506.943822036520032 	   3.561217371540899 	  12.665557383718539 	 -94.040816326515042 
13171.064276 	1712.798290772757582 	-5109.488393410731078 	   3.246817443791649 	  13.667939816112545 	 -94.040816326514630 
13201.273139 	1804.979247240271661 	-4679.813963869411964 	   2.837454874008710 	  14.804180768072371 	 -94.040816326514431 
13231.482002 	1882.872893045551336 	-4213.307054388043980 	   2.292378393325008 	  16.114473821437329 	 -94.040816326514260 
13261.690865 	1941.445612417242046 	-3703.873361916319027 	   1.543637420126332 	  17.658265706682357 	 -94.040816326514630 
13291.899728 	1972.890807584648428 	-3143.174739587413114 	   0.468969573777950 	  19.527662926886237 	 -94.040816326515625 
13322.108591 	1964.133536153131445 	-2519.297321139658834 	  -1.175605086486752 	  21.873104834433210 	 -94.040816326516619 
13352.317454 	1890.719893676529409 	-1814.330113726217178 	  -3.955310604213343 	  24.951469171157598 	 -94.040816326514800 
13382.526317 	1698.299673372761390 	-1000.330893497150214 	  -9.524790700476126 	  29.163252615729036 	 -94.040816326514630 
13412.735180 	1222.575287588571882 	 -44.880887489576054 	 -25.186849446589811 	  33.642433782016809 	 -94.040816326511958 
13442.944043 	-247.669569236518470 	 452.023874426157306 	 -62.582242735824721 	 -47.286116757806525 	 -94.040816326508775 
13473.152906 	 808.903230471149413 	-311.854190046097244 	  40.961670406949459 	  33.657834987810617 	 -94.040816326518097 
13503.361769 	1473.315277489428809 	 747.380523623039949 	  10.946625313653605 	  32.702636899907354 	 -94.040816326513436 
13533.570632 	1666.872908172192410 	1646.028314255839859 	   3.160154855969212 	  27.117666949139910 	 -94.040816326514289 
13563.779495 	1706.588714492464760 	2403.157160396721792 	  -0.144973877168416 	  23.234423532915482 	 -94.040816326512584 
13593.988358 	1673.086553981402176 	3060.349696695664534 	  -1.912336798177839 	  20.409930722625145 	 -94.040816326511560 
13624.197221 	1597.924096162731985 	3642.736143994184658 	  -2.982810289649575 	  18.232661499491048 	 -94.040816326511759 
13654.406084 	1496.560329371832267 	4166.154097146930326 	  -3.681875710701347 	  16.478278849624768 	 -94.040816326512470 
13684.614947 	1377.667656206199581 	4641.251765291137417 	  -4.160857587247397 	  15.016983439267230 	 -94.040816326512129 
13714.823811 	1246.575439598304911 	5075.580340081137365 	  -4.499287366706738 	  13.768525315000700 	 -94.040816326512356 
13745.032674 	1106.781055459255185 	5474.724148853153565 	  -4.742804005048334 	  12.680427001400400 	 -94.040816326512470 
13775.241537 	 960.696808898485187 	5842.952509994125649 	  -4.919386925173419 	  11.716761952016380 	 -94.040816326512157 
13805.450400 	 810.053110537526550 	6183.617862306347888 	  -5.047095587528897 	  10.851991626024715 	 -94.040816326511404 
13835.659263 	 656.131395686974088 	6499.410872023882803 	  -5.138076763821009 	  10.067385989070258 	 -94.040816326511603 
13865.868126 	 499.906157860065207 	6792.530583976765229 	  -5.200779809605002 	   9.348842796285396 	 -94.040816326512015 
13896.076989 	 342.135466423748881 	7064.801808596132105 	  -5.241248386251793 	   8.685503881161596 	 -94.040816326511688 
13926.285852 	 183.420811109448380 	7317.758468633779557 	  -5.263907777738677 	   8.068846018034922 	 -94.040816326511930 
13956.494715 	  24.247916757665426 	7552.704256207132858 	  -5.272063048224180 	   7.492065339064022 	 -94.040816326511603 
13986.703578 	-134.984667169430367 	7770.757732069050689 	  -5.268224480710714 	   6.949649448562701 	 -94.040816326511532 
14016.912441 	-293.945069728064539 	7972.886490409915496 	  -5.254326139703862 	   6.437073080365784 	 -94.040816326511418 
14047.121304 	-452.353099736192689 	8159.933469540711485 	  -5.231876238951716 	   5.950577175854276 	 -94.040816326511546 
14077.330167 	-609.969068311797514 	8332.637511068376625 	  -5.202062807214529 	   5.487005581435001 	 -94.040816326511504 
14107.539030 	-766.585321006193226 	8491.649633995708427 	  -5.165829344047383 	   5.043682356961341 	 -94.040816326511717 
14137.747893 	-922.019725587284256 	8637.546066348728345 	  -5.123929894893829 	   4.618318230854225 	 -94.040816326511617 
14167.956756 	-1076.110593660320319 	8770.838788520843082 	  -5.076969738717757 	   4.208938318399460 	 -94.040816326512015 
14198.165619 	-1228.712668288151463 	8891.984142468498248 	  -5.025435841121183 	   3.813825582812155 	 -94.040816326512171 
14228.374482 	-1379.693913943637426 	9001.389919692157491 	  -4.969719910219701 	   3.431476109083475 	 -94.040816326512342 
14258.583345 	-1528.932916870823874 	9099.421239687013440 	  -4.910136026623269 	   3.060563350278082 	 -94.040816326512385 
14288.792208 	-1676.316754144102333 	9186.405456879838312 	  -4.846934238229277 	   2.699909264772895 	 -94.040816326512612 
14319.001071 	-1821.739225371564316 	9262.636279748499874 	  -4.780311114466453 	   2.348460799305655 	 -94.040816326512640 
14349.209934 	-1965.099366642465156 	9328.377245264393423 	  -4.710417980142283 	   2.005270557069593 	 -94.040816326512783 
14379.418797 	-2106.300184990191156 	9383.864661166904625 	  -4.637367355977484 	   1.669480769011639 	 -94.040816326512726 
14409.627660 	-2245.247565370273151 	9429.310105187536465 	  -4.561237995183102 	   1.340309891238947 	 -94.040816326512697 
14439.836523 	-2381.849312330872635 	9464.902552294113775 	  -4.482078805836674 	   1.017041303329543 	 -94.040816326512839 
14470.045386 	-2516.014296148135600 	9490.810186958755367 	  -4.399911875802780 	   0.699013696099836 	 -94.040816326512953 
14500.254249 	-2647.651678887109028 	9507.181946381693706 	  -4.314734762664179 	   0.385612823306233 	 -94.040816326513038 
14530.463112 	-2776.670200109749203 	9514.148831801334381 	  -4.226522170157844 	   0.076264357136178 	 -94.040816326513209 
14560.671975 	-2902.977505126601045 	9511.825017951334303 	  -4.135227101139475 	  -0.229572362615067 	 -94.040816326513152 
14590.880838 	-3026.479501020662610 	9500.308784984657905 	  -4.040781552420761 	  -0.532409857323927 	 -94.040816326512996 
14621.089701 	-3147.079727336415090 	9479.683292466421335 	  -3.943096796965822 	  -0.832737458304685 	 -94.040816326512982 
14651.298564 	-3264.678729444583496 	9450.017211105638125 	  -3.842063282433418 	  -1.131025794833542 	 -94.040816326513124 
14681.507427 	-3379.173423249090774 	9411.365224567121913 	  -3.737550160787344 	  -1.427730923336529 	 -94.040816326513323 
14711.716290 	-3490.456440149839182 	9363.768410833372400 	  -3.629404450770023 	  -1.723298186606882 	 -94.040816326513308 
14741.925153 	-3598.415441041929171 	9307.254510052967817 	  -3.517449822684796 	  -2.018165882432980 	 -94.040816326513308 
14772.134016 	-3702.932387626329273 	9241.838083519061911 	  -3.401484982471145 	  -2.312768814547181 	 -94.040816326513365 
14802.342879 	-3803.882758413909869 	9167.520566282637446 	  -3.281281618808220 	  -2.607541794990853 	 -94.040816326513351 
14832.551742 	-3901.134695491698949 	9084.290213844706159 	  -3.156581862225806 	  -2.902923165628827 	 -94.040816326513465 
14862.760605 	-3994.548066327649394 	8992.121941316219818 	  -3.027095188121090 	  -3.199358407568611 	 -94.040816326513479 
14892.969468 	-4083.973422534562815 	8890.977051310877869 	  -2.892494675185590 	  -3.497303910714617 	 -94.040816326513522 
14923.178331 	-4169.250834477200442 	8780.802844569061563 	  -2.752412505799678 	  -3.797230981817508 	 -94.040816326513820 
14953.387194 	-4250.208576727492073 	8661.532104813673868 	  -2.606434563844058 	  -4.099630178522545 	 -94.040816326513578 
14983.596057 	-4326.661634435081396 	8533.082446512835304 	  -2.454093945975788 	  -4.405016069621031 	 -94.040816326513578 
15013.804920 	-4398.409994392061890 	8395.355510953620978 	  -2.294863151845749 	  -4.713932538735973 	 -94.040816326513422 
15044.013783 	-4465.236676538061147 	8248.235992164343770 	  -2.128144653054991 	  -5.026958771095130 	 -94.040816326513067 
15074.222646 	-4526.905451340704531 	8091.590469582608421 	  -1.953259454396351 	  -5.344716092318132 	 -94.040816326513166 
15104.431509 	-4583.158175165500325 	7925.266018713048652 	  -1.769433146428069 	  -5.667875866250277 	 -94.040816326513038 
