  0.000000 	   0.000000000000000 	-99899999.999999910593033 	   0.004474373701427 	   0.000000000000000 	  -0.009999997995593 
26657297.628950 	119260.538637509278487 	-99864401.155279621481895 	   0.004472778395804 	   0.002671167987514 	  -0.009999997283221 
53314595.257900 	238435.943464851065073 	-99757553.997826308012009 	   0.004467983388240 	   0.005346136532703 	  -0.009999995142046 
79971892.886850 	357440.594765946909320 	-99579306.260939896106720 	   0.004459961267062 	   0.008028736012367 	  -0.009999991559825 
106629190.515801 	476187.893534159287810 	-99329402.836509913206100 	   0.004448665876705 	   0.010722857008301 	  -0.009999986515946 
133286488.144751 	594589.752906765788794 	-99007483.752977967262268 	   0.004434031598823 	   0.013432481846469 	  -0.009999979981101 
159943785.773701 	712556.066259354818612 	-98613081.290268838405609 	   0.004415972315612 	   0.016161717916801 	  -0.009999971916830 
186601083.402651 	829994.143086430500261 	-98145616.175186142325401 	   0.004394380023351 	   0.018914833464886 	  -0.009999962274896 
213258381.031601 	946808.102788059855811 	-97604392.781183421611786 	   0.004369123052265 	   0.021696296637782 	  -0.009999950996494 
239915678.660551 	1062898.215128274401650 	-96988593.234014555811882 	   0.004340043834644 	   0.024510818689363 	  -0.009999938011252 
266572976.289502 	1178160.174360658507794 	-96297270.298549264669418 	   0.004306956145781 	   0.027363402413762 	  -0.009999923235997 
293230273.918452 	1292484.291727189905941 	-95529338.890839979052544 	   0.004269641720606 	   0.030259397088970 	  -0.009999906573247 
319887571.547402 	1405754.588096143445000 	-94683566.021803840994835 	   0.004227846121410 	   0.033204561490786 	  -0.009999887909365 
346544869.176352 	1517847.764732015319169 	-93758558.932674497365952 	   0.004181273696692 	   0.036205136899776 	  -0.009999867112302 
373202166.805302 	1628632.025340423220769 	-92752751.125096142292023 	   0.004129581425156 	   0.039267932497685 	  -0.009999844028855 
399859464.434252 	1737965.716270750388503 	-91664385.916933119297028 	   0.004072371378322 	   0.042400426172355 	  -0.009999818481293 
426516762.063203 	1845695.743630874669179 	-90491497.063924685120583 	   0.004009181454529 	   0.045610884574058 	  -0.009999790263222 
453174059.692153 	1951655.715438721235842 	-89231885.870934873819351 	   0.003939473928566 	   0.048908507365408 	  -0.009999759134469 
479831357.321103 	2055663.742917260155082 	-87883094.066066876053810 	   0.003862621213240 	   0.052303602087534 	  -0.009999724814719 
506488654.950053 	2157519.816377045121044 	-86442371.514238923788071 	   0.003777888025277 	   0.055807798080429 	  -0.009999686975552 
533145952.579003 	2257002.646021749358624 	-84906637.586904153227806 	   0.003684408863225 	   0.059434310670390 	  -0.009999645230378 
559803250.207953 	2353865.823836292605847 	-83272434.657023370265961 	   0.003581159301845 	   0.063198270707671 	  -0.009999599121613 
586460547.836904 	2447833.115605115890503 	-81535871.717641919851303 	   0.003466919028112 	   0.067117140010774 	  -0.009999548104167 
613117845.465854 	2538592.626243862789124 	-79692555.476174771785736 	   0.003340223697913 	   0.071211241132977 	  -0.009999491523932 
639775143.094804 	2625789.488134020473808 	-77737505.375850349664688 	   0.003199301434968 	   0.075504441342490 	  -0.009999428589411 
666432440.723754 	2709016.587160616647452 	-75665047.720285207033157 	   0.003041987888096 	   0.080025047774690 	  -0.009999358333769 
693089738.352704 	2787802.642585290595889 	-73468682.238055244088173 	   0.002865610813549 	   0.084806996619410 	  -0.009999279563256 
719747035.981654 	2861596.658670964650810 	-71140911.719392895698547 	   0.002666830474841 	   0.089891459421393 	  -0.009999190785897 
746404333.610605 	2929747.307605754584074 	-68673021.290559619665146 	   0.002441414546330 	   0.095329053597442 	  -0.009999090110906 
773061631.239555 	2991475.080165626946837 	-66054787.623881354928017 	   0.002183913457753 	   0.101182949136847 	  -0.009998975103607 
799718928.868505 	3045833.865673966705799 	-63274088.447006449103355 	   0.001887180017252 	   0.107533340803409 	  -0.009998842570755 
826376226.497455 	3091656.648547474294901 	-60316366.456196621060371 	   0.001541637343006 	   0.114484066317865 	  -0.009998688233362 
853033524.126405 	3127476.559738826472312 	-57163874.128913126885891 	   0.001134124176907 	   0.122172720555584 	  -0.009998506210613 
879690821.755355 	3151408.216496153734624 	-53794576.982744000852108 	   0.000645997994713 	   0.130786711270388 	  -0.009998288171986 
906348119.384306 	3160962.121773458551615 	-50180501.509094215929508 	   0.000049862761741 	   0.140589936424465 	  -0.009998021874493 
933005417.013256 	3152739.862938893027604 	-46285132.850832119584084 	  -0.000696424377797 	   0.151969656727629 	  -0.009997688483256 
959662714.642206 	3121902.042404685635120 	-42059079.663243658840656 	  -0.001661588898850 	   0.165524836570450 	  -0.009997257279409 
986320012.271156 	3061163.161026696674526 	-37432310.719103656709194 	  -0.002966716672918 	   0.182248508285306 	  -0.009996674132279 
1012977309.900106 	2958679.048185808118433 	-32298828.348246280103922 	  -0.004849400392311 	   0.203953755723022 	  -0.009995832806889 
1039634607.529056 	2792868.364719499833882 	-26481865.921554200351238 	  -0.007857628667502 	   0.234464440935156 	  -0.009994488211148 
1066291905.158007 	2516163.535308642778546 	-19635145.499588243663311 	  -0.013656690966298 	   0.284074881848981 	  -0.009991895176401 
1092949202.786957 	1970711.482140968553722 	-10806602.052740041166544 	  -0.031764365601651 	   0.400632111341703 	  -0.009983789818327 
1119606500.415907 	6512775.484500158578157 	1399180.526336192851886 	   0.497857946917151 	   0.175398381509542 	  -0.009971970572137 
1146263798.044857 	16152175.179746419191360 	5154336.904065928421915 	   0.288788222503971 	   0.119802059256737 	  -0.009990201860273 
1172921095.673807 	22949949.730603538453579 	8050698.899091457948089 	   0.228513407490288 	   0.099625683503544 	  -0.009993775427206 
1199578393.302757 	28559736.006712682545185 	10534498.848610069602728 	   0.194905588406083 	   0.087536467282452 	  -0.009995428925454 
1226235690.931708 	33434968.903731971979141 	12748455.068103749305010 	   0.172106769824920 	   0.078986912887910 	  -0.009996410027534 
1252892988.560658 	37785724.773435145616531 	14762865.695097461342812 	   0.155036380542998 	   0.072398777699807 	  -0.009997069328785 
1279550286.189608 	41731483.128639325499535 	16619254.612936457619071 	   0.141465622194488 	   0.067046109132401 	  -0.009997547048270 
1306207583.818558 	45348543.990785546600819 	18344859.621204849332571 	   0.130232356524948 	   0.062537640725250 	  -0.009997911151432 
1332864881.447508 	48689450.137460440397263 	19958823.607542987912893 	   0.120659270755889 	   0.058639532975917 	  -0.009998198906474 
1359522179.076458 	51792362.562146544456482 	21475276.180805858224630 	   0.112319469950944 	   0.055201413050706 	  -0.009998432596330 
1386179476.705409 	54686116.963135711848736 	22905035.734023980796337 	   0.104927743887026 	   0.052121132503485 	  -0.009998626429003 
1412836774.334359 	57393179.845414549112320 	24256623.893664322793484 	   0.098284734904949 	   0.049326275177038 	  -0.009998789925907 
1439494071.963309 	59931486.375329218804836 	25536906.475108340382576 	   0.092245969739016 	   0.046763713927709 	  -0.009998929726009 
1466151369.592259 	62315639.927975028753281 	26751517.629490811377764 	   0.086703606277741 	   0.044393360008728 	  -0.009999050610812 
1492808667.221209 	64557726.513159483671188 	27905151.279199030250311 	   0.081575132124041 	   0.042184241163946 	  -0.009999156118038 
1519465964.850159 	66667886.081124074757099 	29001767.714010555297136 	   0.076796076616624 	   0.040111942685686 	  -0.009999248925345 
1546123262.479110 	68654724.454046472907066 	30044743.949152175337076 	   0.072315147152699 	   0.038156881756457 	  -0.009999331099167 
1572780560.108060 	70525617.392627671360970 	31036985.640012472867966 	   0.068090886956736 	   0.036303110398522 	  -0.009999404261191 
1599437857.737010 	72286939.630875647068024 	31981012.013263307511806 	   0.064089319472929 	   0.034537464545381 	  -0.009999469702771 
1626095155.365960 	73944240.460670739412308 	32879021.417081337422132 	   0.060282250984872 	   0.032848946061389 	  -0.009999528465416 
1652752452.994910 	75502380.436355844140053 	33732942.666563570499420 	   0.056646023420321 	   0.031228265360673 	  -0.009999581398610 
1679409750.623860 	76965639.269759103655815 	34544475.789437197148800 	   0.053160581880001 	   0.029667497125227 	  -0.009999629202100 
1706067048.252810 	78337802.022130563855171 	35315124.734082058072090 	   0.049808766520258 	   0.028159817190520 	  -0.009999672457336 
1732724345.881761 	79622228.701595261693001 	36046223.893577225506306 	   0.046575767180043 	   0.026699298674711 	  -0.009999711651195 
1759381643.510711 	80821910.999993130564690 	36738959.808741860091686 	   0.043448697924577 	   0.025280752010299 	  -0.009999747194115 
1786038941.139661 	81939518.939219638705254 	37394389.066894590854645 	   0.040416261205513 	   0.023899597957036 	  -0.009999779434119 
1812696238.768611 	82977439.510102480649948 	38013453.164720915257931 	   0.037468479854682 	   0.022551765698784 	  -0.009999808667780 
1839353536.397561 	83937808.889404073357582 	38596990.922809861600399 	   0.034596481020540 	   0.021233610230947 	  -0.009999835148880 
1866010834.026511 	84822539.455294504761696 	39145748.905919283628464 	   0.031792320297397 	   0.019941844731696 	  -0.009999859095295 
1892668131.655462 	85633342.549942508339882 	39660390.203192561864853 	   0.029048837250123 	   0.018673484675523 	  -0.009999880694525 
1919325429.284412 	86371747.733298823237419 	40141501.846988610923290 	   0.026359535670257 	   0.017425801220813 	  -0.009999900108159 
1945982726.913362 	87039119.116354569792747 	40589601.091131292283535 	   0.023718483459413 	   0.016196281970908 	  -0.009999917475493 
1972640024.542312 	87636669.242229595780373 	41005140.724617123603821 	   0.021120228189245 	   0.014982597629400 	  -0.009999932916494 
1999297322.171262 	88165470.890153348445892 	41388513.561787717044353 	   0.018559725248435 	   0.013782573385918 	  -0.009999946534214 
2025954619.800212 	88626467.104096263647079 	41740056.222275182604790 	   0.016032276135988 	   0.012594164106918 	  -0.009999958416774 
2052611917.429163 	89020479.689606234431267 	42060052.291878655552864 	   0.013533474952575 	   0.011415432586976 	  -0.009999968638985 
2079269215.058113 	89348216.375703424215317 	42348734.937607854604721 	   0.011059161517864 	   0.010244530254297 	  -0.009999977263682 
2105926512.687063 	89610276.800801306962967 	42606289.035441562533379 	   0.008605379830286 	   0.009079679829837 	  -0.009999984342794 
2132583810.316013 	89807157.450480639934540 	42832852.857123903930187 	   0.006168340807492 	   0.007919159520143 	  -0.009999989918212 
2159241107.944963 	89939255.649022310972214 	43028519.351986743509769 	   0.003744388415889 	   0.006761288385183 	  -0.009999994022469 
2185898405.573914 	90006872.684630692005157 	43193337.050859391689301 	   0.001329968427268 	   0.005604412567987 	  -0.009999996679256 
2212555703.202864 	90010216.129338800907135 	43327310.611241705715656 	  -0.001078400862276 	   0.004446892105782 	  -0.009999997903792 
2239213000.831814 	89949401.397848650813103 	43430401.015762299299240 	  -0.003484156545380 	   0.003287088064331 	  -0.009999997703062 
2265870298.460764 	89824452.574417233467102 	43502525.429245218634605 	  -0.005890718194626 	   0.002123349749872 	  -0.009999996075922 
2292527596.089714 	89635302.522742092609406 	43543556.713232532143593 	  -0.008301514649924 	   0.000954001756979 	  -0.009999993013084 
2319184893.718664 	89381792.280179470777512 	43553322.590327955782413 	  -0.010720011010069 	  -0.000222669393764 	  -0.009999988496968 
2345842191.347614 	89063669.724008679389954 	43531604.444013021886349 	  -0.013149736344240 	  -0.001408429287392 	  -0.009999982501437 
2372499488.976564 	88680587.483416199684143 	43478135.732402101159096 	  -0.015594312665100 	  -0.002605110596989 	  -0.009999974991379 
2399156786.605515 	88232100.055859059095383 	43392599.986488185822964 	  -0.018057485750738 	  -0.003814629331155 	  -0.009999965922150 
2425814084.234465 	87717660.069975286722183 	43274628.354480132460594 	  -0.020543158470531 	  -0.005039002705942 	  -0.009999955238843 
2452471381.863415 	87136613.618546903133392 	43123796.643492408096790 	  -0.023055427364137 	  -0.006280369060733 	  -0.009999942875369 
2479128679.492365 	86488194.563447922468185 	42939621.797655805945396 	  -0.025598623348952 	  -0.007541010316215 	  -0.009999928753308 
2505785977.121315 	85771517.689066633582115 	42721557.737142920494080 	  -0.028177357597448 	  -0.008823377574827 	  -0.009999912780512 
2532443274.750266 	84985570.550161719322205 	42468990.464901275932789 	  -0.030796573842765 	  -0.010130120596563 	  -0.009999894849380 
2559100572.379216 	84129203.822962179780006 	42181232.326161719858646 	  -0.033461608653790 	  -0.011464122055125 	  -0.009999874834762 
2585757870.008166 	83201119.922538280487061 	41857515.278803870081902 	  -0.036178261590258 	  -0.012828537703804 	  -0.009999852591404 
2612415167.637116 	82199859.592376440763474 	41496982.998814865946770 	  -0.038952877632756 	  -0.014226843874680 	  -0.009999827950816 
2639072465.266066 	81123786.100131392478943 	41098681.602188341319561 	  -0.041792444921530 	  -0.015662894123357 	  -0.009999800717427 
2665729762.895016 	79971066.581871703267097 	40661548.709742352366447 	  -0.044704711687615 	  -0.017140987349063 	  -0.009999770663855 
2692387060.523966 	78739649.959179341793060 	40184400.510409511625767 	  -0.047698327399536 	  -0.018665950415887 	  -0.009999737525023 
2719044358.152917 	77427240.700025141239166 	39665916.385950654745102 	  -0.050783014693148 	  -0.020243239246539 	  -0.009999700990820 
2745701655.781867 	76031267.492575705051422 	39104620.537783913314342 	  -0.053969780768172 	  -0.021879063659620 	  -0.009999660696861 
2772358953.410817 	74548845.632655292749405 	38498859.893357686698437 	  -0.057271179869966 	  -0.023580543030058 	  -0.009999616212736 
2799016251.039767 	72976731.564051777124405 	37846777.348742261528969 	  -0.060701642601013 	  -0.025355902404252 	  -0.009999567026961 
2825673548.668717 	71311267.517431989312172 	37146279.101628057658672 	  -0.064277893692697 	  -0.027214722356041 	  -0.009999512527431 
2852330846.297668 	69548313.510458141565323 	36394994.408356115221977 	  -0.068019488401257 	  -0.029168261189924 	  -0.009999451975783 
2878988143.926618 	67683163.010881662368774 	35590225.504540786147118 	  -0.071949510283937 	  -0.031229875983649 	  -0.009999384473258 
2905645441.555568 	65710437.189644269645214 	34728884.574913285672665 	  -0.076095492059253 	  -0.033415580884369 	  -0.009999308914604 
2932302739.184518 	63623950.686300717294216 	33807413.406623452901840 	  -0.080490650390666 	  -0.035744799497942 	  -0.009999223924726 
2958960036.813468 	61416538.823239631950855 	32821679.486605409532785 	  -0.085175571326901 	  -0.038241397392699 	  -0.009999127770005 
2985617334.442418 	59079831.651662044227123 	31766839.430015787482262 	  -0.090200557405685 	  -0.040935128244292 	  -0.009999018231452 
3012274632.071369 	56603953.080160997807980 	30637156.098265063017607 	  -0.095628971358449 	  -0.043863706920207 	  -0.009998892418791 
3038931929.700319 	53977111.821558319032192 	29425748.404812753200531 	  -0.101542125462119 	  -0.047075861580108 	  -0.009998746490267 
3065589227.329269 	51185031.642221197485924 	28124240.411476496607065 	  -0.108046650590794 	  -0.050635968324243 	  -0.009998575216351 
3092246524.958219 	48210134.882919400930405 	26722254.563801612704992 	  -0.115286004326985 	  -0.054631349647277 	  -0.009998371273962 
3118903822.587169 	45030332.024488583207130 	25206653.833527080714703 	  -0.123459221018676 	  -0.059184277743997 	  -0.009998124051327 
3145561120.216119 	41617151.775704495608807 	23560359.265973374247551 	  -0.132853075221007 	  -0.064472785861888 	  -0.009997817508615 
3172218417.845069 	37932700.999449059367180 	21760405.317899677902460 	  -0.143900900954337 	  -0.070769201485800 	  -0.009997426074085 
3198875715.474020 	33924389.412383668124676 	19774519.172096271067858 	  -0.157299344610747 	  -0.078517763367220 	  -0.009996906041397 
3225533013.102970 	29514950.261335089802742 	17554541.908175759017467 	  -0.174266853586455 	  -0.088509575682308 	  -0.009996175266020 
3252190310.731920 	24581141.371884435415268 	15022089.520157709717751 	  -0.197211335459455 	  -0.102345015067368 	  -0.009995056471673 
3278847608.360870 	18899132.552469011396170 	12030719.806115888059139 	  -0.231919472115876 	  -0.123999228969594 	  -0.009993071423448 
3305504905.989820 	11950279.041709264740348 	8225134.707503075711429 	  -0.298746915859320 	  -0.168261388025124 	  -0.009988211485893 
3332162203.618771 	878743.117552111623809 	1258890.601065540453419 	  -0.854331742746836 	  -0.721775155866887 	  -0.009871702463543 
3358819501.247721 	-9298553.841735811904073 	10188711.411962125450373 	  -0.260906402298027 	   0.237872346993061 	  -0.009987498383341 
3385476798.876671 	-15348333.902817992493510 	15564596.537440232932568 	  -0.201589600520456 	   0.175327851834741 	  -0.009992849134732 
3412134096.505621 	-20286392.580597884953022 	19802183.312604792416096 	  -0.171403621864804 	   0.145289602482758 	  -0.009994944057237 
3438791394.134571 	-24575982.390396445989609 	23404582.887999899685383 	  -0.151575397474097 	   0.126169645584366 	  -0.009996106032013 
3465448691.763521 	-28413081.706466868519783 	26575301.061836663633585 	  -0.136951979306025 	   0.112366919962316 	  -0.009996858558847 
3492105989.392471 	-31904706.829131342470646 	29422548.733209252357483 	  -0.125419142493604 	   0.101655139371245 	  -0.009997391226276 
3518763287.021421 	-35117654.999416545033455 	32012619.336238685995340 	  -0.115915128816767 	   0.092940591409898 	  -0.009997790715426 
3545420584.650372 	-38097269.314174883067608 	34389880.309733659029007 	  -0.107835698387342 	   0.085611163281758 	  -0.009998102741733 
3572077882.279322 	-40876164.562034524977207 	36585886.930491775274277 	  -0.100806154285336 	   0.079292324870461 	  -0.009998353885089 
3598735179.908272 	-43478817.250843487679958 	38624103.080093450844288 	  -0.094579058996024 	   0.073739485978539 	  -0.009998560739346 
3625392477.537222 	-45924201.724323503673077 	40522578.597860611975193 	  -0.088982944970743 	   0.068784754412015 	  -0.009998734242592 
3652049775.166173 	-48227407.569963730871677 	42295574.745271719992161 	  -0.083894364402479 	   0.064308252738821 	  -0.009998881920925 
3678707072.795123 	-50400684.644361324608326 	43954604.965342603623867 	  -0.079221637464843 	   0.060221603519174 	  -0.009999009135897 
3705364370.424073 	-52454146.963986806571484 	45509130.380907043814659 	  -0.074894897614121 	   0.056457899950158 	  -0.009999119818344 
3732021668.053023 	-54396263.335667595267296 	46967041.202466309070587 	  -0.070859727394844 	   0.052965342469906 	  -0.009999216920519 
3758678965.681973 	-56234209.288548804819584 	48334999.901708267629147 	  -0.067072941220050 	   0.049703050663207 	  -0.009999302705698 
3785336263.310923 	-57974125.743146516382694 	49618692.037220835685730 	  -0.063499704331222 	   0.046638219678361 	  -0.009999378939870 
3811993560.939873 	-59621313.156196966767311 	50823013.565530426800251 	  -0.060111512196641 	   0.043744137070090 	  -0.009999447022267 
3838650858.568824 	-61180379.909299567341805 	51952213.354882314801216 	  -0.056884740561840 	   0.040998767058195 	  -0.009999508076463 
3865308156.197774 	-62655357.542359821498394 	53010003.400431543588638 	  -0.053799583819349 	   0.038383718902154 	  -0.009999563015340 
3891965453.826724 	-64049791.500105984508991 	53999645.295777149498463 	  -0.050839263671321 	   0.035883481367746 	  -0.009999612588307 
3918622751.455674 	-65366813.483747065067291 	54924018.945594377815723 	  -0.047989429745293 	   0.033484845331377 	  -0.009999657416214 
3945280049.084624 	-66609199.771622367203236 	55785677.788114354014397 	  -0.045237698991458 	   0.031176461853365 	  -0.009999698017557 
3971937346.713574 	-67779418.688430875539780 	56586893.625521607697010 	  -0.042573297042725 	   0.028948499405182 	  -0.009999734828419 
3998594644.342525 	-68879669.575477540493011 	57329693.346054330468178 	  -0.039986775577681 	   0.026792374748712 	  -0.009999768217833 
4025251941.971475 	-69911915.026553794741631 	58015889.245201855897903 	  -0.037469787080156 	   0.024700539258927 	  -0.009999798499744 
4051909239.600425 	-70877907.729731738567352 	58647104.238833963871002 	  -0.035014903458283 	   0.022666307490237 	  -0.009999825942423 
4078566537.229375 	-71779212.944562330842018 	59224792.958560854196548 	  -0.032615468537268 	   0.020683718283670 	  -0.009999850775940 
4105223834.858325 	-72617227.413491323590279 	59750259.495854638516903 	  -0.030265476965149 	   0.018747421190214 	  -0.009999873198139 
4131881132.487276 	-73393195.332984000444412 	60224672.393881328403950 	  -0.027959473890371 	   0.016852582766144 	  -0.009999893379456 
4158538430.116226 	-74108221.878065079450607 	60649077.359030008316040 	  -0.025692471097539 	   0.014994808591529 	  -0.009999911466821 
4185195727.745176 	-74763284.672697201371193 	61024408.066869154572487 	  -0.023459876266980 	   0.013170077816367 	  -0.009999927586838 
4211853025.374126 	-75359243.519732981920242 	61351495.361986465752125 	  -0.021257432753572 	   0.011374687747754 	  -0.009999941848382 
4238510323.003076 	-75896848.642398014664650 	61631075.092302560806274 	  -0.019081167828986 	   0.009605206523566 	  -0.009999954344733 
4265167620.632026 	-76376747.640254497528076 	61863794.771967142820358 	  -0.016927347747195 	   0.007858432320947 	  -0.009999965155314 
4291824918.260976 	-76799491.323282405734062 	62050219.229850947856903 	  -0.014792438309996 	   0.006131357854849 	  -0.009999974347124 
4318482215.889927 	-77165538.555818557739258 	62190835.370739310979843 	  -0.012673069851893 	   0.004421139157212 	  -0.009999981975898 
4345139513.518877 	-77475260.215899616479874 	62286056.151955291628838 	  -0.010566005749423 	   0.002725067808168 	  -0.009999988087045 
4371796811.147827 	-77728942.353604570031166 	62336223.857954837381840 	  -0.008468113702743 	   0.001040545930332 	  -0.009999992716390 
4398454108.776777 	-77926788.613549336791039 	62341612.738605201244354 	  -0.006376339144540 	  -0.000634936636371 	  -0.009999995890749 
4425111406.405727 	-78068921.970549121499062 	62302431.062428466975689 	  -0.004287680212114 	  -0.002303823480338 	  -0.009999997628349 
4451768704.034678 	-78155385.813259944319725 	62218822.623596571385860 	  -0.002199163776090 	  -0.003968511524985 	  -0.009999997939113 
4478426001.663628 	-78186144.397666275501251 	62090867.730331033468246 	  -0.000107822057742 	  -0.005631370093799 	  -0.009999996824812 
4505083299.292578 	-78161082.680123463273048 	61918583.692179352045059 	   0.001989330611504 	  -0.007294759502478 	  -0.009999994279091 
4531740596.921528 	-78080005.527875587344170 	61701924.814048178493977 	   0.004095321329002 	  -0.008961049531443 	  -0.009999990287373 
4558397894.550478 	-77942636.293134853243828 	61440781.895515307784081 	   0.006213242908347 	  -0.010632638129000 	  -0.009999984826634 
4585055192.179428 	-77748614.724504128098488 	61134981.224520921707153 	   0.008346279390867 	  -0.012311970704564 	  -0.009999977865040 
4611712489.808378 	-77497494.176322877407074 	60784283.044686317443848 	   0.010497733299237 	  -0.014001560393304 	  -0.009999969361445 
4638369787.437328 	-77188738.061923936009407 	60388379.464897871017456 	   0.012671055213586 	  -0.015704009709601 	  -0.009999959264722 
4665027085.066278 	-76821715.480233550071716 	59946891.768014907836914 	   0.014869876335927 	  -0.017422034058867 	  -0.009999947512917 
4691684382.695229 	-76395695.925950735807419 	59459367.062129072844982 	   0.017098044822620 	  -0.019158487648832 	  -0.009999934032186 
4718341680.324179 	-75909842.970856398344040 	58925274.202176637947559 	   0.019359666813773 	  -0.020916392436686 	  -0.009999918735488 
4744998977.953129 	-75363206.776561602950096 	58343998.891135960817337 	   0.021659153282915 	  -0.022698970873727 	  -0.009999901520993 
4771656275.582079 	-74754715.265839770436287 	57714837.847664371132851 	   0.024001274082951 	  -0.024509683372814 	  -0.009999882270121 
4798313573.211029 	-74083163.738815307617188 	57036991.899633005261421 	   0.026391220893750 	  -0.026352271637623 	  -0.009999860845163 
4824970870.839979 	-73347202.669328361749649 	56309557.829099610447884 	   0.028834681207606 	  -0.028230809272520 	  -0.009999837086375 
4851628168.468930 	-72545323.352646306157112 	55531518.751755289733410 	   0.031337926056273 	  -0.030149761460035 	  -0.009999810808405 
4878285466.097880 	-71675840.994059026241302 	54701732.760052144527435 	   0.033907914936177 	  -0.032114055980711 	  -0.009999781795903 
4904942763.726830 	-70736874.722977876663208 	53818919.490316979587078 	   0.036552422396217 	  -0.034129168501728 	  -0.009999749798089 
4931600061.355781 	-69726323.880921885371208 	52881644.185033924877644 	   0.039280192115096 	  -0.036201225939319 	  -0.009999714521977 
4958257358.984731 	-68641839.752931952476501 	51888298.704914338886738 	   0.042101126157302 	  -0.038337132897515 	  -0.009999675623875 
4984914656.613681 	-67480791.674537613987923 	50837078.791214488446712 	   0.045026519672920 	  -0.040544727836936 	  -0.009999632698621 
5011571954.242631 	-66240226.127388782799244 	49725956.672392174601555 	   0.048069354917050 	  -0.042832977933664 	  -0.009999585265830 
5038229251.871581 	-64916817.002443477511406 	48552647.829371027648449 	   0.051244673598461 	  -0.045212224855331 	  -0.009999532752118 
5064886549.500531 	-63506804.610180720686913 	47314570.348960943520069 	   0.054570053982668 	  -0.047694498381776 	  -0.009999474467881 
5091543847.129481 	-62005920.177150748670101 	46008794.758011847734451 	   0.058066230072365 	  -0.050293921675317 	  -0.009999409576548 
5118201144.758431 	-60409291.370638586580753 	44631981.468912132084370 	   0.061757906510703 	  -0.053027242259751 	  -0.009999337053264 
5144858442.387382 	-58711322.654486000537872 	43180301.865982100367546 	   0.065674847820370 	  -0.055914538374578 	  -0.009999255628499 
5171515740.016332 	-56905541.702267587184906 	41649337.438811264932156 	   0.069853359686279 	  -0.058980174679432 	  -0.009999163709634 
5198173037.645282 	-54984399.186521969735622 	40033948.920265659689903 	   0.074338342829134 	  -0.062254120131157 	  -0.009999059269710 
5224830335.274232 	-52939003.182729341089725 	38328103.600009217858315 	   0.079186204045321 	  -0.065773804763584 	  -0.009998939685845 
5251487632.903182 	-50758759.685473442077637 	36524642.956574290990829 	   0.084469087068310 	  -0.069586800750385 	  -0.009998801498260 
5278144930.532132 	-48430874.595630541443825 	34614962.835952296853065 	   0.090281202680498 	  -0.073754804943897 	  -0.009998640039637 
5304802228.161082 	-45939644.743955343961716 	32588561.464472327381372 	   0.096748626622747 	  -0.078359753816281 	  -0.009998448844151 
5331459525.790032 	-43265415.428376585245132 	30432380.325595255941153 	   0.104045088184970 	  -0.083513588331521 	  -0.009998218664013 
5358116823.418983 	-40382986.667581476271152 	28129805.952885054051876 	   0.112418679491387 	  -0.089374602764185 	  -0.009997935746100 
5384774121.047933 	-37259056.889665566384792 	25659086.317523170262575 	   0.122239829706479 	  -0.096176458284491 	  -0.009997578613215 
5411431418.676884 	-33847866.602272398769855 	22990666.973313435912132 	   0.134094270703027 	  -0.104283607401716 	  -0.009997111546499 
5438088716.305834 	-30083163.011807426810265 	20082354.622061818838120 	   0.148982070642567 	  -0.114307893901377 	  -0.009996469908554 
5464746013.934784 	-25861680.945526815950871 	16869571.578441616147757 	   0.168806634453362 	  -0.127388682258988 	  -0.009995521856694 
5491403311.563734 	-21003309.248755745589733 	13242481.785547908395529 	   0.197850095068650 	  -0.146012495554077 	  -0.009993943840779 
5518060609.192684 	-15125781.241918617859483 	8976926.415601056069136 	   0.249108284363320 	  -0.177365900790862 	  -0.009990627408876 
5544717906.821634 	-6921079.550921680405736 	3369976.561999461147934 	   0.410734960415123 	  -0.264421909403583 	  -0.009976014181208 
5571375204.450584 	-4064283.999499761033803 	-9293671.876736430451274 	  -0.127109794323024 	  -0.400443140918132 	  -0.009982279408187 
5598032502.079535 	-6649082.640475558117032 	-18018865.988985139876604 	  -0.078180482663312 	  -0.279036617309464 	  -0.009991585176523 
5624689799.708485 	-8472558.056116087362170 	-24732984.057946484535933 	  -0.060615227578482 	  -0.229674776922243 	  -0.009994348906822 
5651347097.337435 	-9944625.780944589525461 	-30429129.760763928294182 	  -0.050574969382049 	  -0.199680960959977 	  -0.009995751672396 
5678004394.966385 	-11196911.165998207405210 	-35455254.919402346014977 	  -0.043754264173248 	  -0.178456139569455 	  -0.009996620268059 
5704661692.595335 	-12292607.365385727956891 	-39986613.525087319314480 	  -0.038671997550340 	  -0.162148505735257 	  -0.009997218578643 
5731318990.224285 	-13268112.132076613605022 	-44127560.910109117627144 	  -0.034659270645313 	  -0.148952198048445 	  -0.009997659168480 
5757976287.853235 	-14146773.079237101599574 	-47946748.762531869113445 	  -0.031362420047845 	  -0.137884918001480 	  -0.009997998815258 
5784633585.482185 	-14944682.301937591284513 	-51492457.813295967876911 	  -0.028573900455901 	  -0.128356896211719 	  -0.009998269513984 
5811290883.111135 	-15673517.525130981579423 	-54800310.276878945529461 	  -0.026162487392484 	  -0.119988061738697 	  -0.009998490780329 
5837948180.740086 	-16342088.215144986286759 	-57897555.566663362085819 	  -0.024040421728957 	  -0.112520042482243 	  -0.009998675249176 
5864605478.369036 	-16957244.167845267802477 	-60805633.725606985390186 	  -0.022146381033790 	  -0.105769693877284 	  -0.009998831490442 
5891262775.997986 	-17524442.032608360052109 	-63541798.346987597644329 	  -0.020435977373507 	  -0.099602745296923 	  -0.009998965538324 
5917920073.626936 	-18048115.606232322752476 	-66120191.651426836848259 	  -0.018876134903355 	  -0.093917984181998 	  -0.009999081774014 
5944577371.255886 	-18531927.358548093587160 	-68552583.480794399976730 	  -0.017441600463716 	  -0.088637315694823 	  -0.009999183461130 
5971234668.884836 	-18978944.840464580804110 	-70848895.151258453726768 	  -0.016112690325300 	  -0.083699270468469 	  -0.009999273084175 
5997891966.513787 	-19391767.801159221678972 	-73017580.587978005409241 	  -0.014873785558894 	  -0.079054624328261 	  -0.009999352570073 
6024549264.142737 	-19772621.933975312858820 	-75065909.870152190327644 	  -0.013712298026559 	  -0.074663359431876 	  -0.009999423437561 
6051206561.771688 	-20123429.412491794675589 	-77000184.278710737824440 	  -0.012617941876065 	  -0.070492504429725 	  -0.009999486900579 
6077863859.400638 	-20445862.901303637772799 	-78825902.159089103341103 	  -0.011582208961114 	  -0.066514566487881 	  -0.009999543941444 
6104521157.029588 	-20741387.555981118232012 	-80547888.751632809638977 	  -0.010597983755453 	  -0.062706371429340 	  -0.009999595363697 
6131178454.658538 	-21011294.132492132484913 	-82170399.151085972785950 	  -0.009659255774486 	  -0.059048191283580 	  -0.009999641830945 
6157835752.287488 	-21256725.407484222203493 	-83697200.905391871929169 	  -0.008760901482252 	  -0.055523078068998 	  -0.009999683895857 
6184493049.916438 	-21478697.491281457245350 	-85131640.963252186775208 	  -0.007898516577695 	  -0.052116348065989 	  -0.009999722022133 
6211150347.545388 	-21678117.189136020839214 	-86476700.432154566049576 	  -0.007068285380539 	  -0.048815177576112 	  -0.009999756601349 
6237807645.174338 	-21855796.267491094768047 	-87735039.728336691856384 	  -0.006266877924875 	  -0.045608282405420 	  -0.009999787966030 
6264464942.803288 	-22012463.269091490656137 	-88909036.068944826722145 	  -0.005491368012253 	  -0.042485661002759 	  -0.009999816399898 
6291122240.432239 	-22148773.366726778447628 	-90000814.797212079167366 	  -0.004739167305015 	  -0.039438386536802 	  -0.009999842145982 
6317779538.061189 	-22265316.632370334118605 	-91012275.692442819476128 	  -0.004007971825786 	  -0.036458436977877 	  -0.009999865413089 
6344436835.690139 	-22362625.014488700777292 	-91945115.163214340806007 	  -0.003295718145299 	  -0.033538554960868 	  -0.009999886381006 
6371094133.319089 	-22441178.253134910017252 	-92800845.030565589666367 	  -0.002600547202571 	  -0.030672131172410 	  -0.009999905204701 
6397751430.948039 	-22501408.914412733167410 	-93580808.461380511522293 	  -0.001920774185342 	  -0.027853106449894 	  -0.009999922017752 
6424408728.576989 	-22543706.688994374126196 	-94286193.498863264918327 	  -0.001254863256461 	  -0.025075888851543 	  -0.009999936935132 
6451066026.205939 	-22568422.070735465735197 	-94918044.548499166965485 	  -0.000601406179121 	  -0.022335282759727 	  -0.009999950055502 
6477723323.834889 	-22575869.508994199335575 	-95477272.108029097318649 	   0.000040895904748 	  -0.019626427686176 	  -0.009999961463080 
6504380621.463840 	-22566330.110513586550951 	-95964660.974249869585037 	   0.000673248135507 	  -0.016944744909049 	  -0.009999971229181 
6531037919.092790 	-22540053.952563077211380 	-96380877.114507496356964 	   0.001296775511610 	  -0.014285890424617 	  -0.009999979413465 
6557695216.721741 	-22497262.057616863399744 	-96726473.354076117277145 	   0.001912534765271 	  -0.011645712966894 	  -0.009999986064954 
6584352514.350691 	-22438148.070552557706833 	-97001894.000266805291176 	   0.002521524853231 	  -0.009020216056139 	  -0.009999991222841 
6611009811.979641 	-22362879.671702522784472 	-97207478.498625949025154 	   0.003124696323676 	  -0.006405523195723 	  -0.009999994917120 
6637667109.608591 	-22271599.752714436501265 	-97343464.194776505231857 	   0.003722959778411 	  -0.003797845456504 	  -0.009999997169062 
6664324407.237541 	-22164427.376789472997189 	-97409988.256421774625778 	   0.004317193616958 	  -0.001193450776072 	  -0.009999997991549 
6690981704.866491 	-22041458.540231771767139 	-97407088.792968079447746 	   0.004908251224592 	   0.001411365637801 	  -0.009999997389268 
6717639002.495441 	-21902766.748184092342854 	-97334705.194530561566353 	   0.005496967747927 	   0.004020310370826 	  -0.009999995358787 
6744296300.124392 	-21748403.413781207054853 	-97192677.697135984897614 	   0.006084166588615 	   0.006637120885341 	  -0.009999991888502 
6770953597.753342 	-21578398.086593467742205 	-96980746.166265398263931 	   0.006670665737246 	   0.009265595175656 	  -0.009999986958455 
6797610895.382292 	-21392758.513043668121099 	-96698548.075915828347206 	   0.007257284065373 	   0.011909622568017 	  -0.009999980540025 
6824268193.011242 	-21191470.528349258005619 	-96345615.644618257880211 	   0.007844847693371 	   0.014573216277713 	  -0.009999972595479 
6850925490.640192 	-20974497.776360027492046 	-95921372.072737276554108 	   0.008434196555748 	   0.017260548398600 	  -0.009999963077363 
6877582788.269142 	-20741781.250321179628372 	-95425126.806254699826241 	   0.009026191293762 	   0.019975988089403 	  -0.009999951927718 
6904240085.898092 	-20493238.643965177237988 	-94856069.730330273509026 	   0.009621720618287 	   0.022724143841720 	  -0.009999939077107 
6930897383.527042 	-20228763.498291503638029 	-94213264.170316725969315 	   0.010221709304642 	   0.025509910874205 	  -0.009999924443397 
6957554681.155993 	-19948224.124756019562483 	-93495638.547402366995811 	   0.010827127006692 	   0.028338524906060 	  -0.009999907930272 
6984211978.784943 	-19651462.280165437608957 	-92701976.499189689755440 	   0.011438998111689 	   0.031215623834691 	  -0.009999889425416 
7010869276.413893 	-19338291.562096945941448 	-91830905.230354934930801 	   0.012058412902258 	   0.034147319196335 	  -0.009999868798295 
7037526574.042843 	-19008495.485809747129679 	-90880881.802570834755898 	   0.012686540350909 	   0.037140279750884 	  -0.009999845897449 
7064183871.671793 	-18661825.193959120661020 	-89850177.002731695771217 	   0.013324642949815 	   0.040201830139609 	  -0.009999820547180 
7090841169.300743 	-18297996.738390345126390 	-88736856.339717641472816 	   0.013974094080463 	   0.043340068367871 	  -0.009999792543477 
7117498466.929694 	-17916687.858127169311047 	-87538757.606323197484016 	   0.014636398562685 	   0.046564006936375 	  -0.009999761648982 
7144155764.558644 	-17517534.158339053392410 	-86253464.296141147613525 	   0.015313217202579 	   0.049883743886865 	  -0.009999727586744 
7170813062.187594 	-17100124.570156905800104 	-84878273.973361074924469 	   0.016006396401201 	   0.053310671990245 	  -0.009999690032387 
7197470359.816545 	-16663995.938735503703356 	-83410160.440076470375061 	   0.016718004215604 	   0.056857737005381 	  -0.009999648604228 
7224127657.445495 	-16208626.544145923107862 	-81845728.207027256488800 	   0.017450374717415 	   0.060539759700094 	  -0.009999602850705 
7250784955.074445 	-15733428.302540866658092 	-80181157.315355464816093 	   0.018206163126299 	   0.064373841644059 	  -0.009999552234177 
7277442252.703395 	-15237737.317790932953358 	-78412135.928075075149536 	   0.018988415088905 	   0.068379882413459 	  -0.009999496109867 
7304099550.332345 	-14720802.347902270033956 	-76533777.234323918819427 	   0.019800654755584 	   0.072581246978112 	  -0.009999433698101 
7330756847.961295 	-14181770.603182962164283 	-74540515.970361694693565 	   0.020646998177427 	   0.077005638579142 	  -0.009999364047217 
7357414145.590245 	-13619670.084694558754563 	-72425978.076428338885307 	   0.021532301326446 	   0.081686257476455 	  -0.009999285983236 
7384071443.219195 	-13033387.371301800012589 	-70182814.386513724923134 	   0.022462356260445 	   0.086663364816069 	  -0.009999198040352 
7410728740.848145 	-12421639.322436492890120 	-67802485.310724899172783 	   0.023444155503541 	   0.091986432660334 	  -0.009999098363063 
7437386038.477096 	-11782936.500675156712532 	-65274977.410262070596218 	   0.024486255143602 	   0.097717162258818 	  -0.009998984565260 
7464043336.106046 	-11115535.096531603485346 	-62588423.176020979881287 	   0.025599284243019 	   0.103933823178980 	  -0.009998853522154 
7490700633.734996 	-10417372.518031992018223 	-59728579.658813633024693 	   0.026796677104757 	   0.110737664442752 	  -0.009998701053949 
7517357931.363946 	-9685979.154724944382906 	-56678095.061985716223717 	   0.028095755804739 	   0.118262693772433 	  -0.009998521428283 
7544015228.992896 	-8918354.315008426085114 	-53415445.488393910229206 	   0.029519383723384 	   0.126691165834353 	  -0.009998306545572 
7570672526.621846 	-8110786.323180534876883 	-49913336.790878519415855 	   0.031098590815403 	   0.136279243199059 	  -0.009998044539353 
7597329824.250796 	-7258581.775090850889683 	-46136194.110471114516258 	   0.032876939768863 	   0.147401920026555 	  -0.009997717225509 
7623987121.879746 	-6355639.122778584249318 	-42035994.789570830762386 	   0.034918211748126 	   0.160637290993307 	  -0.009997295096953 
7650644419.508697 	-5393737.725447019562125 	-37544842.175912931561470 	   0.037320929874370 	   0.176939400796065 	  -0.009996726513987 
7677301717.137648 	-4361262.514157770201564 	-32560405.971598889678717 	   0.040248405040771 	   0.198038332133200 	  -0.009995911120802 
7703959014.766598 	-3240684.244291673414409 	-26913210.868305951356888 	   0.043998615167480 	   0.227542817924764 	  -0.009994620922592 
7730616312.395548 	-2002905.309915125370026 	-20275542.698238857090473 	   0.049190839921506 	   0.274965771901194 	  -0.009992182112888 
7757273610.024498 	-593436.171174134709872 	-11776818.309564350172877 	   0.057143753752485 	   0.381928958089626 	  -0.009985036009649 
7783930907.653448 	5528051.147513272240758 	-203752.713181425729999 	   0.579364946969247 	   0.059228081158860 	  -0.009965838600485 
7810588205.282398 	16251014.300221940502524 	1334511.530011709081009 	   0.315556005295379 	   0.053390156340581 	  -0.009989732307613 
7837245502.911348 	23655992.474414464086294 	2664367.115977785084397 	   0.248441523654344 	   0.046865218443965 	  -0.009993597320136 
7863902800.540298 	29751243.903329115360975 	3851231.781583631876856 	   0.211696872313443 	   0.042420918829713 	  -0.009995332281381 
7890560098.169249 	35046391.913142248988152 	4935660.911912018433213 	   0.186945579316314 	   0.039077540061164 	  -0.009996348310952 
7917217395.798199 	39773203.584852889180183 	5940485.129113899543881 	   0.168478479329963 	   0.036398903299748 	  -0.009997026059236 
7943874693.427149 	44062335.759920917451382 	6880146.587732727639377 	   0.153826367854352 	   0.034161305142085 	  -0.009997514819594 
7970531991.056099 	47996799.151276342570782 	7764543.133215857669711 	   0.141712323728116 	   0.032236045131522 	  -0.009997886108479 
7997189288.685049 	51633568.735138587653637 	8600851.096489334478974 	   0.131396107911415 	   0.030542668564876 	  -0.009998178830468 
8023846586.313999 	55013930.146055728197098 	9394493.563758254051208 	   0.122412897112491 	   0.029027673427493 	  -0.009998416113249 
8050503883.942949 	58169028.708985194563866 	10149700.273765625432134 	   0.114452981973167 	   0.027653744731075 	  -0.009998612639072 
8077161181.571899 	61123100.410236865282059 	10869853.099526679143310 	   0.107300322422074 	   0.026393853406405 	  -0.009998778213381 
8103818479.200850 	63895474.541783265769482 	11557710.410774333402514 	   0.100798602863916 	   0.025227808467652 	  -0.009998919654236 
8130475776.829800 	66501877.722632378339767 	12215558.917306439951062 	   0.094831286805710 	   0.024140135897648 	  -0.009999041860901 
8157133074.458750 	68955317.597158402204514 	12845319.984620124101639 	   0.089309298438493 	   0.023118717026805 	  -0.009999148451284 
8183790372.087700 	71266701.792887076735497 	13448626.220276577398181 	   0.084163094898542 	   0.022153882707415 	  -0.009999242159282 
8210447669.716650 	73445283.653219372034073 	14026877.992169683799148 	   0.079337384477366 	   0.021237792126700 	  -0.009999325091781 
8237104967.345600 	75498990.911580696702003 	14581286.010136168450117 	   0.074787502142347 	   0.020363995517725 	  -0.009999398900212 
8263762264.974551 	77434673.043990254402161 	15112903.988098442554474 	   0.070476858019086 	   0.019527119222244 	  -0.009999464898222 
8290419562.603501 	79258290.754444956779480 	15622654.092418171465397 	   0.066375100697925 	   0.018722634269674 	  -0.009999524144324 
8317076860.232451 	80975063.406984850764275 	16111347.043396160006523 	   0.062456768844449 	   0.017946683262688 	  -0.009999577501160 
8343734157.861402 	82589585.322045758366585 	16579698.185887129977345 	   0.058700283825588 	   0.017195948790494 	  -0.009999625678806 
8370391455.490352 	84105918.633836120367050 	17028340.474372990429401 	   0.055087185209338 	   0.016467551950373 	  -0.009999669266921 
8397048753.119302 	85527668.236897632479668 	17457835.063178628683090 	   0.051601542301108 	   0.015758973048790 	  -0.009999708758979 
8423706050.748252 	86858042.859283432364464 	17868680.014164723455906 	   0.048229495298553 	   0.015067988876738 	  -0.009999744570778 
8450363348.377202 	88099905.255666390061378 	18261317.507151104509830 	   0.044958893251802 	   0.014392622531051 	  -0.009999777054736 
8477020646.006152 	89255813.769883245229721 	18636139.846333917230368 	   0.041779005256951 	   0.013731102842921 	  -0.009999806511069 
8503677943.635102 	90328056.978292301297188 	18993494.488405086100101 	   0.038680287698124 	   0.013081831239857 	  -0.009999833196595 
8530335241.264052 	91318682.730457365512848 	19333688.267800007015467 	   0.035654194838986 	   0.012443354412348 	  -0.009999857331753 
8556992538.893003 	92229522.610086083412170 	19656990.956605587154627 	   0.032693023260762 	   0.011814341549959 	  -0.009999879106219 
8583649836.521953 	93062212.618233874440193 	19963638.267761390656233 	   0.029789782951583 	   0.011193565199234 	  -0.009999898683442 
8610307134.150904 	93818210.712625429034233 	20253834.387904517352581 	   0.026938089538494 	   0.010579885008173 	  -0.009999916204330 
8636964431.779854 	94498811.707416906952858 	20527754.108780875802040 	   0.024132073400258 	   0.009972233780687 	  -0.009999931790250 
8663621729.408804 	95105159.937380850315094 	20785544.612540636211634 	   0.021366302328223 	   0.009369605383432 	  -0.009999945545483 
8690279027.037754 	95638260.011090859770775 	21027326.955172736197710 	   0.018635715104184 	   0.008771044137964 	  -0.009999957559242 
8716936324.666704 	96098985.915155351161957 	21253197.283579934388399 	   0.015935563894876 	   0.008175635399747 	  -0.009999967907317 
8743593622.295654 	96488088.681163102388382 	21463227.814555913209915 	   0.013261363768607 	   0.007582497077976 	  -0.009999976653424 
8770250919.924604 	96806202.786151275038719 	21657467.597916457802057 	   0.010608847950671 	   0.006990771890085 	  -0.009999983850304 
8796908217.553555 	97053851.423860251903534 	21835943.080967519432306 	   0.007973927673138 	   0.006399620174996 	  -0.009999989540595 
8823565515.182505 	97231450.756080448627472 	21998658.487115781754255 	   0.005352655657856 	   0.005808213111586 	  -0.009999993757533 
8850222812.811455 	97339313.229728057980537 	22145596.017562735825777 	   0.002741192410980 	   0.005215726204989 	  -0.009999996525476 
8876880110.440405 	97377650.024832725524902 	22276715.881516505032778 	   0.000135774611798 	   0.004621332914164 	  -0.009999997860289 
8903537408.069355 	97346572.680583238601685 	22391956.157074395567179 	  -0.002467315045654 	   0.004024198300395 	  -0.009999997769587 
8930194705.698305 	97246093.930196806788445 	22491232.481756776571274 	  -0.005071777148339 	   0.003423472578364 	  -0.009999996252852 
8956852003.327255 	97076127.760101035237312 	22574437.568498387932777 	  -0.007681324557493 	   0.002818284449354 	  -0.009999993301428 
8983509300.956205 	96836488.694157183170319 	22641440.539620846509933 	  -0.010299711649351 	   0.002207734089945 	  -0.009999988898387 
9010166598.585155 	96526890.288925409317017 	22692086.067800514400005 	  -0.012930764362224 	   0.001590885658901 	  -0.009999983018262 
9036823896.214106 	96146942.810726270079613 	22726193.309191875159740 	  -0.015578411637451 	   0.000966759169364 	  -0.009999975626654 
9063481193.843056 	95696150.048984661698341 	22743554.609518211334944 	  -0.018246718891722 	   0.000334321552078 	  -0.009999966679679 
9090138491.472006 	95173905.202414587140083 	22743933.958935994654894 	  -0.020939924232390 	  -0.000307523293022 	  -0.009999956123253 
9116795789.100956 	94579485.754333674907684 	22727065.165604513138533 	  -0.023662478230084 	  -0.000959945696450 	  -0.009999943892187 
9143453086.729906 	93912047.229940995573997 	22692649.710896011441946 	  -0.026419088200346 	  -0.001624202957449 	  -0.009999929909062 
9170110384.358856 	93170615.700728222727776 	22640354.240733012557030 	  -0.029214768126835 	  -0.002301653969923 	  -0.009999914082846 
9196767681.987806 	92354078.867982119321823 	22569807.637222029268742 	  -0.032054895594696 	  -0.002993776164534 	  -0.009999896307200 
9223424979.616756 	91461175.516947552561760 	22480597.602016031742096 	  -0.034945277410330 	  -0.003702185298498 	  -0.009999876458417 
9250082277.245707 	90490483.083414629101753 	22372266.666961088776588 	  -0.037892225985263 	  -0.004428658758668 	  -0.009999854392897 
9276739574.874657 	89440403.012417435646057 	22244307.527604851871729 	  -0.040902649088068 	  -0.005175163219233 	  -0.009999829944072 
9303396872.503607 	88309143.510493323206902 	22096157.569768797606230 	  -0.043984156262439 	  -0.005943887727448 	  -0.009999802918620 
9330054170.132557 	87094699.193335592746735 	21927192.426849659532309 	  -0.047145186131869 	  -0.006737283600057 	  -0.009999773091808 
9356711467.761507 	85794827.002490803599358 	21736718.363390401005745 	  -0.050395160048303 	  -0.007558112929089 	  -0.009999740201712 
9383368765.390457 	84407017.598098561167717 	21523963.225367929786444 	  -0.053744669217186 	  -0.008409508061421 	  -0.009999703942001 
9410026063.019407 	82928461.215590208768845 	21288065.624800320714712 	  -0.057205704725314 	  -0.009295045194646 	  -0.009999663952864 
9436683360.648357 	81356006.682942971587181 	21028061.928873855620623 	  -0.060791943077879 	  -0.010218836315791 	  -0.009999619809480 
9463340658.277308 	79686111.902922019362450 	20742870.491907946765423 	  -0.064519104318716 	  -0.011185645240350 	  -0.009999571007257 
9489997955.906258 	77914783.569818481802940 	20431272.387536060065031 	  -0.068405406176610 	  -0.012201035703920 	  -0.009999516942686 
9516655253.535208 	76037503.150042116641998 	20091887.646589305251837 	  -0.072472146906644 	  -0.013271562657205 	  -0.009999456888245 
9543312551.164158 	74049135.115722686052322 	19723145.649908863008022 	  -0.076744463097922 	  -0.014405022661026 	  -0.009999389959029 
9569969848.793108 	71943811.933389306068420 	19323247.812570098787546 	  -0.081252329166735 	  -0.015610786460835 	  -0.009999315067731 
9596627146.422058 	69714788.143233224749565 	18890119.943656984716654 	  -0.086031896660640 	  -0.016900247932843 	  -0.009999230862872 
9623284444.051008 	67354252.641060814261436 	18421350.537887565791607 	  -0.091127320906881 	  -0.018287441212247 	  -0.009999135642457 
9649941741.679958 	64853083.365199275314808 	17914109.523501869291067 	  -0.096593302381970 	  -0.019789906523674 	  -0.009999027230686 
9676599039.308910 	62200520.911306999623775 	17365039.258291732519865 	  -0.102498703178044 	  -0.021429933488934 	  -0.009998902797626 
9703256336.937860 	59383725.219900548458099 	16770105.119292760267854 	  -0.108931828262865 	  -0.023236394706048 	  -0.009998758588043 
9729913634.566811 	56387158.827651329338551 	16124385.535736517980695 	  -0.116008372632125 	  -0.025247534737781 	  -0.009998589500331 
9756570932.195761 	53191704.300907216966152 	15421768.147227302193642 	  -0.123883808332141 	  -0.027515369224411 	  -0.009998388407493 
9783228229.824711 	49773358.154758840799332 	14654494.491162825375795 	  -0.132773518360982 	  -0.030112930747019 	  -0.009998145011766 
9809885527.453661 	46101217.742519922554493 	13812448.193098453804851 	  -0.142987229732529 	  -0.033146848071265 	  -0.009997843803949 
9836542825.082611 	42134217.996717035770416 	12881982.190931787714362 	  -0.154991736959193 	  -0.036780658912146 	  -0.009997460172098 
9863200122.711561 	37815491.221220187842846 	11843852.758172802627087 	  -0.169534751356913 	  -0.041281781315446 	  -0.009996952307327 
9889857420.340511 	33061756.650249313563108 	10669243.094535117968917 	  -0.187917080132103 	  -0.047127288759905 	  -0.009996242301423 
9916514717.969461 	27740862.461277578026056 	9311103.210963800549507 	  -0.212687850771608 	  -0.055282515691335 	  -0.009995164178188 
9943172015.598412 	21614995.657671816647053 	7681402.214763663709164 	  -0.249881494280423 	  -0.068135596324669 	  -0.009993279996483 
9969829313.227362 	14144459.649102209135890 	5567839.762078326195478 	  -0.319986386764581 	  -0.094393264295259 	  -0.009988840628414 
9996486610.856312 	2810624.853297000750899 	1792975.129703708458692 	  -0.700000479116273 	  -0.288436250687418 	  -0.009941997199853 
10023143908.485262 	-6386506.873679136857390 	11390444.378095027059317 	  -0.207236727713313 	   0.299713715564683 	  -0.009986681876574 
10049801206.114212 	-11187205.058613821864128 	18132998.165552046149969 	  -0.160003186400203 	   0.219418317879394 	  -0.009992611633483 
10076458503.743162 	-15110308.922248963266611 	23435889.983193356543779 	  -0.136322779729903 	   0.181868346015639 	  -0.009994826598671 
10103115801.372112 	-18525648.040157638490200 	27948047.271694462746382 	  -0.120817785337508 	   0.158148767688855 	  -0.009996034482621 
10129773099.001062 	-21587295.540168311446905 	31925554.226773425936699 	  -0.109389591111616 	   0.141077231895394 	  -0.009996809808160 
10156430396.630013 	-24378930.126961596310139 	35503267.177680596709251 	  -0.100374138659875 	   0.127845562784180 	  -0.009997355602217 
10183087694.258963 	-26952655.018134552985430 	38763390.542099773883820 	  -0.092939999729374 	   0.117086033097174 	  -0.009997763409281 
10209744991.887913 	-29343796.924662627279758 	41760779.111052192747593 	  -0.086615339733296 	   0.108037137460667 	  -0.009998081073663 
10236402289.516863 	-31577751.526510115712881 	44534375.050594061613083 	  -0.081108044348761 	   0.100234508789556 	  -0.009998336234756 
10263059587.145813 	-33673572.988405771553516 	47113099.722328148782253 	  -0.076225395783364 	   0.093375586875853 	  -0.009998546065094 
10289716884.774763 	-35646031.308441057801247 	49519182.678169161081314 	  -0.071833918950024 	   0.087253025115043 	  -0.009998721841988 
10316374182.403713 	-37506872.940271049737930 	51770177.310127235949039 	  -0.067837545764126 	   0.081718948063269 	  -0.009998871301768 
10343031480.032663 	-39265634.570803701877594 	53880248.865209184587002 	  -0.064164937544744 	   0.076664429735097 	  -0.009998999942289 
10369688777.661613 	-40930190.924734704196453 	55861033.871782995760441 	  -0.060761727844206 	   0.072007057639970 	  -0.009999111786103 
10396346075.290564 	-42507136.448854565620422 	57722234.318720147013664 	  -0.057585566957368 	   0.067683055746421 	  -0.009999209849144 
10423003372.919514 	-44002059.027774110436440 	59472040.829882130026817 	  -0.054602839978044 	   0.063642107131939 	  -0.009999296440098 
10449660670.548464 	-45419741.134216278791428 	61117441.737458400428295 	  -0.051786425574264 	   0.059843842520072 	  -0.009999373358092 
10476317968.177414 	-46764310.791250437498093 	62664453.756230883300304 	  -0.049114124537012 	   0.056255393478366 	  -0.009999442027033 
10502975265.806364 	-48039356.952403597533703 	64118297.406665928661823 	  -0.046567532327709 	   0.052849646936565 	  -0.009999503589200 
10529632563.435314 	-49248019.102267973124981 	65483532.628154397010803 	  -0.044131213655417 	   0.049603974028129 	  -0.009999558971879 
10556289861.064264 	-50393057.818813107907772 	66764165.142428718507290 	  -0.041792087230162 	   0.046499287257648 	  -0.009999608935729 
10582947158.693214 	-51476911.034066721796989 	67963730.949261873960495 	  -0.039538959747966 	   0.043519329654444 	  -0.009999654110502 
10609604456.322165 	-52501739.385549992322922 	69085364.216660290956497 	  -0.037362167755040 	   0.040650130874191 	  -0.009999695021822 
10636261753.951115 	-53469463.129942134022713 	70131852.382621824741364 	  -0.035253298762972 	   0.037879585435785 	  -0.009999732111541 
10662919051.580065 	-54381792.447344645857811 	71105681.280991777777672 	  -0.033204971433344 	   0.035197121642696 	  -0.009999765753404 
10689576349.209015 	-55240252.507576085627079 	72009072.393274530768394 	  -0.031210660368680 	   0.032593438744101 	  -0.009999796265250 
10716233646.837965 	-56046204.340082883834839 	72844013.817370936274529 	  -0.029264554987745 	   0.030060296072344 	  -0.009999823918589 
10742890944.466915 	-56800862.307493895292282 	73612286.171514704823494 	  -0.027361444723790 	   0.027590342206208 	  -0.009999848946212 
10769548242.095865 	-57505308.803554221987724 	74315484.376125901937485 	  -0.025496624746836 	   0.025176975264522 	  -0.009999871548268 
10796205539.724815 	-58160506.661449506878853 	74955036.049983426928520 	  -0.023665817825109 	   0.022814227628559 	  -0.009999891897160 
10822862837.353767 	-58767309.656095653772354 	75532217.100851982831955 	  -0.021865108972249 	   0.020496669987167 	  -0.009999910141511 
10849520134.982718 	-59326471.405225031077862 	76048164.971006512641907 	  -0.020090890287756 	   0.018219330772353 	  -0.009999926409397 
10876177432.611668 	-59838652.912909887731075 	76503889.905473545193672 	  -0.018339813965105 	   0.015977627925531 	  -0.009999940810982 
10902834730.240618 	-60304428.951113246381283 	76900284.538378179073334 	  -0.016608751868082 	   0.013767310589328 	  -0.009999953440681 
10929492027.869568 	-60724293.436719514429569 	77238132.035571530461311 	  -0.014894760398755 	   0.011584408815238 	  -0.009999964378935 
10956149325.498518 	-61098663.930894158780575 	77518112.986070260405540 	  -0.013195049626417 	   0.009425189754724 	  -0.009999973693658 
10982806623.127468 	-61427885.362763963639736 	77740811.198005184531212 	  -0.011506955835051 	   0.007286119090500 	  -0.009999981441419 
11009463920.756418 	-61712233.058960497379303 	77906718.524724498391151 	  -0.009827916790982 	   0.005163826686834 	  -0.009999987668395 
11036121218.385368 	-61951915.143486186861992 	78016238.821858346462250 	  -0.008155449142474 	   0.003055075608549 	  -0.009999992411130 
11062778516.014318 	-62147074.357846029102802 	78069691.115299671888351 	  -0.006487127446363 	   0.000956733789260 	  -0.009999995697117 
11089435813.643269 	-62297789.338795199990273 	78067312.042267724871635 	  -0.004820564378617 	  -0.001134252271470 	  -0.009999997545237 
11116093111.272219 	-62404075.379864387214184 	78009257.612110301852226 	  -0.003153391729870 	  -0.003220882328748 	  -0.009999997966046 
11142750408.901169 	-62465884.692607797682285 	77895604.319680273532867 	  -0.001483241816015 	  -0.005306126225188 	  -0.009999996961942 
11169407706.530119 	-62483106.173899210989475 	77726349.631412252783775 	   0.000192271050383 	  -0.007392947196441 	  -0.009999994527201 
11196065004.159069 	-62455564.676220096647739 	77501411.852241486310959 	   0.001875569378865 	  -0.009484325092333 	  -0.009999990647885 
11222722301.788019 	-62383019.768443882465363 	77220629.369744092226028 	   0.003569131970062 	  -0.011583279954508 	  -0.009999985301635 
11249379599.416969 	-62265163.964756689965725 	76883759.259990781545639 	   0.005275514416587 	  -0.013692896404791 	  -0.009999978457313 
11276036897.045919 	-62101620.388741336762905 	76490475.227138116955757 	   0.006997371053077 	  -0.015816349328062 	  -0.009999970074515 
11302694194.674870 	-61891939.827881738543510 	76040364.835295960307121 	   0.008737478824038 	  -0.017956931380840 	  -0.009999960102913 
11329351492.303820 	-61635597.120362006127834 	75532925.976192116737366 	   0.010498763608285 	  -0.020118082924896 	  -0.009999948481422 
11356008789.932770 	-61331986.800485976040363 	74967562.498999744653702 	   0.012284329631963 	  -0.022303425078075 	  -0.009999935137160 
11382666087.561720 	-60980417.910645529627800 	74343578.908675059676170 	   0.014097492723975 	  -0.024516796697879 	  -0.009999919984160 
11409323385.190670 	-60580107.865648023784161 	73660174.015348464250565 	   0.015941818326183 	  -0.026762296275213 	  -0.009999902921798 
11435980682.819620 	-60130175.228267110884190 	72916433.388572067022324 	   0.017821165376673 	  -0.029044329926961 	  -0.009999883832866 
11462637980.448570 	-59629631.221656069159508 	72111320.435019820928574 	   0.019739737452499 	  -0.031367666951711 	  -0.009999862581230 
11489295278.077520 	-59077369.762841276824474 	71243665.874619379639626 	   0.021702142909024 	  -0.033737504773691 	  -0.009999839008965 
11515952575.706470 	-58472155.749337010085583 	70312155.335403323173523 	   0.023713466214606 	  -0.036159545574591 	  -0.009999812932842 
11542609873.335421 	-57812611.264542199671268 	69315314.718087807297707 	   0.025779353291592 	  -0.038640087541506 	  -0.009999784140007 
11569267170.964371 	-57097199.282261207699776 	68251492.892682999372482 	   0.027906114493869 	  -0.041186134498862 	  -0.009999752382638 
11595924468.593321 	-56324204.339916817843914 	67118841.174670904874802 	   0.030100849958337 	  -0.043805528824170 	  -0.009999717371289 
11622581766.222271 	-55491709.504640981554985 	65915288.878188349306583 	   0.032371603580293 	  -0.046507114090074 	  -0.009999678766533 
11649239063.851221 	-54597568.763475216925144 	64638514.045111916959286 	   0.034727553954258 	  -0.049300936001969 	  -0.009999636168405 
11675896361.480171 	-53639373.709729075431824 	63285908.183154493570328 	   0.037179253551907 	  -0.052198493170734 	  -0.009999589102902 
11702553659.109121 	-52614413.044881790876389 	61854533.485717065632343 	   0.039738931572941 	  -0.055213053467103 	  -0.009999537004573 
11729210956.738071 	-51519622.928810045123100 	60341070.510801710188389 	   0.042420881915987 	  -0.058360057755367 	  -0.009999479193774 
11755868254.367022 	-50351525.529423110187054 	58741753.604866430163383 	   0.045241966544758 	  -0.061657641656562 	  -0.009999414846599 
11782525551.995972 	-49106152.151712365448475 	57052290.376533091068268 	   0.048222277737215 	  -0.065127319185572 	  -0.009999342954520 
11809182849.624922 	-47778945.917259804904461 	55267760.107836216688156 	   0.051386022897777 	  -0.068794892181896 	  -0.009999262269363 
11835840147.253872 	-46364636.878832325339317 	53382483.901644133031368 	   0.054762727198181 	  -0.072691680707027 	  -0.009999171226925 
11862497444.882822 	-44857079.293894082307816 	51389856.214664965867996 	   0.058388900021419 	  -0.076856219499368 	  -0.009999067838769 
11889154742.511772 	-43249035.868220336735249 	49282122.556831456720829 	   0.062310395012869 	  -0.081336647640947 	  -0.009998949535378 
11915812040.140722 	-41531885.920372806489468 	47050080.392981551587582 	   0.066585836810132 	  -0.086194157988587 	  -0.009998812932744 
11942469337.769672 	-39695221.415980622172356 	44682667.553308375179768 	   0.071291741872967 	  -0.091508118756677 	  -0.009998653474289 
11969126635.398624 	-37726272.472639009356499 	42166380.732292748987675 	   0.076530432745416 	  -0.097383932393980 	  -0.009998464861621 
11995783933.027575 	-35609063.756809324026108 	39484427.898407027125359 	   0.082442767095952 	  -0.103965574216945 	  -0.009998238110635 
12022441230.656525 	-33323126.992312416434288 	36615445.578392758965492 	   0.089229618675106 	  -0.111456559270862 	  -0.009997959904668 
12049098528.285475 	-30841440.629190467298031 	33531466.054759833961725 	   0.097190336855506 	  -0.120157086585242 	  -0.009997609535418 
12075755825.914425 	-28126929.800588939338923 	30194503.408050395548344 	   0.106796951079147 	  -0.130534817790878 	  -0.009997152751930 
12102413123.543375 	-25126039.261674746870995 	26550370.565966658294201 	   0.118852066632830 	  -0.143373223422472 	  -0.009996528038775 
12129070421.172325 	-21755609.218316446989775 	22516270.139946021139622 	   0.134873252008131 	  -0.160125896434308 	  -0.009995611296522 
12155727718.801275 	-17871574.406701188534498 	17951870.224774185568094 	   0.158235399501010 	  -0.183942820654474 	  -0.009994103374903 
12182385016.430225 	-13172567.210266415029764 	12573198.833104724064469 	   0.198930335302445 	  -0.223781668588421 	  -0.009991015187743 
12209042314.059175 	-6679865.587964731268585 	5518878.814300847239792 	   0.318167195208278 	  -0.329643412320310 	  -0.009978913866272 
12235699611.688126 	-5573168.527728110551834 	-7397498.880769192241132 	  -0.225754075142126 	  -0.379699542883422 	  -0.009980402288445 
12262356909.317076 	-10192079.965149955824018 	-15566096.833687605336308 	  -0.141256510751737 	  -0.259555595664010 	  -0.009991249006211 
12289014206.946026 	-13518536.362195573747158 	-21801932.350525286048651 	  -0.111654535950119 	  -0.213115935102213 	  -0.009994202471901 
12315671504.574976 	-16251651.758509315550327 	-27086273.002652525901794 	  -0.094645022560830 	  -0.185235158272550 	  -0.009995667552125 
12342328802.203926 	-18611108.064341638237238 	-31749464.126818362623453 	  -0.083001487378898 	  -0.165604821060560 	  -0.009996564853411 
12368986099.832876 	-20702291.797664172947407 	-35955677.915641769766808 	  -0.074260655147312 	  -0.150560921152111 	  -0.009997178961294 
12395643397.461826 	-22586064.867561724036932 	-39802006.948848247528076 	  -0.067311485891635 	  -0.138404644646310 	  -0.009997629262675 
12422300695.090776 	-24301603.429507810622454 	-43352065.396759189665318 	  -0.061565808505261 	  -0.128218061334808 	  -0.009997975350425 
12448957992.719727 	-25876005.442783631384373 	-46650472.251072406768799 	  -0.056677687431012 	  -0.119452467882209 	  -0.009998250564270 
12475615290.348677 	-27329002.242741379886866 	-49730087.233698934316635 	  -0.052427824469731 	  -0.111755347652854 	  -0.009998475132410 
12502272587.977627 	-28675525.677454449236393 	-52616012.904578179121017 	  -0.048669154540190 	  -0.104887600549261 	  -0.009998662097768 
12528929885.606577 	-29927219.321839395910501 	-55327980.294851474463940 	  -0.045298628951359 	  -0.098680031319356 	  -0.009998820278489 
12555587183.235527 	-31093382.599983494728804 	-57881855.365674361586571 	  -0.042241451454078 	  -0.093008759174447 	  -0.009998955867285 
12582244480.864477 	-32181589.154494848102331 	-60290634.932797119021416 	  -0.039441737163001 	  -0.087780499741583 	  -0.009999073350676 
12608901778.493427 	-33198107.749446265399456 	-62565130.158381268382072 	  -0.036856705911323 	  -0.082923334564405 	  -0.009999176064633 
12635559076.122377 	-34148198.074266254901886 	-64714450.433273158967495 	  -0.034452926312865 	  -0.078380693000789 	  -0.009999266544788 
12662216373.751328 	-35036324.318940810859203 	-66746355.056195914745331 	  -0.032203803369812 	  -0.074107297706224 	  -0.009999346755082 
12688873671.380278 	-35866312.981340214610100 	-68667514.633778735995293 	  -0.030087848912326 	  -0.070066355165214 	  -0.009999418241624 
12715530969.009228 	-36641471.820363692939281 	-70483709.185092806816101 	  -0.028087460934716 	  -0.066227560921024 	  -0.009999482238974 
12742188266.638178 	-37364681.097225740551949 	-72199980.839450553059578 	  -0.026188043111877 	  -0.062565652687870 	  -0.009999539745243 
12768845564.267128 	-38038464.640782386064529 	-73820753.296511635184288 	  -0.024377357346686 	  -0.059059340857783 	  -0.009999591576249 
12795502861.896078 	-38665045.952950015664101 	-75349926.516741514205933 	  -0.022645039438381 	  -0.055690504537285 	  -0.009999638405266 
12822160159.525028 	-39246393.039363980293274 	-76790952.654555857181549 	  -0.020982231154269 	  -0.052443577966293 	  -0.009999680792675 
12848817457.153978 	-39784254.616923272609711 	-78146897.580171808600426 	  -0.019381296811083 	  -0.049305075764260 	  -0.009999719208391 
12875474754.782928 	-40280189.637797020375729 	-79420491.182625859975815 	  -0.017835602169904 	  -0.046263220958405 	  -0.009999754049052 
12902132052.411879 	-40735591.569773122668266 	-80614168.833249673247337 	  -0.016339339926599 	  -0.043307650157095 	  -0.009999785651349 
12928789350.040829 	-41151708.516269125044346 	-81730105.806178569793701 	  -0.014887390489576 	  -0.040429177347247 	  -0.009999814302460 
12955446647.669779 	-41529660.001019865274429 	-82770246.028594836592674 	  -0.013475209790643 	  -0.037619602742452 	  -0.009999840248310 
12982103945.298729 	-41870451.052694097161293 	-83736326.220775753259659 	  -0.012098738023095 	  -0.034871556602218 	  -0.009999863700148 
13008761242.927679 	-42174984.083481431007385 	-84629896.252487435936928 	  -0.010754324734268 	  -0.032178370444583 	  -0.009999884839841 
13035418540.556629 	-42444068.949351221323013 	-85452336.365719333291054 	  -0.009438666808195 	  -0.029533969889154 	  -0.009999903824145 
13062075838.185579 	-42678431.498696513473988 	-86204871.778774425387383 	  -0.008148756685191 	  -0.026932784699442 	  -0.009999920788182 
13088733135.814531 	-42878720.853741161525249 	-86888585.082422673702240 	  -0.006881838765233 	  -0.024369672581253 	  -0.009999935848276 
13115390433.443481 	-43045515.620622210204601 	-87504426.757364436984062 	  -0.005635372390488 	  -0.021839854033613 	  -0.009999949104274 
13142047731.072432 	-43179329.185993991792202 	-88053224.077967375516891 	  -0.004407000140382 	  -0.019338856107242 	  -0.009999960641453 
13168705028.701382 	-43280614.227820903062820 	-88535688.615976691246033 	  -0.003194520429570 	  -0.016862463350257 	  -0.009999970532077 
13195362326.330332 	-43349766.543841458857059 	-88952422.516563862562180 	  -0.001995863595652 	  -0.014406674545400 	  -0.009999978836666 
13222019623.959282 	-43387128.281614720821381 	-89303923.685325667262077 	  -0.000809070814554 	  -0.011967664091945 	  -0.009999985605033 
13248676921.588232 	-43392990.638025514781475 	-89590589.996943756937981 	   0.000367724702053 	  -0.009541747076307 	  -0.009999990877106 
13275334219.217182 	-43367596.082834392786026 	-89812722.612746462225914 	   0.001536314683136 	  -0.007125347220962 	  -0.009999994683569 
13301991516.846132 	-43311140.149660669267178 	-89970528.474362969398499 	   0.002698431335450 	  -0.004714967011199 	  -0.009999997046355 
13328648814.475082 	-43223772.828206002712250 	-90064122.023104950785637 	   0.003855761776086 	  -0.002307159379996 	  -0.009999997978985 
