    0 	  0.000000 	   0.000000000000000 	  98.989794855663547 	  14.286458158996599 	   0.000000000000000 	-10000.000000000001819 
    0 	  0.055536 	   0.792992459159303 	  98.832470924437828 	  14.263707809995523 	  -5.668563611345210 	-9999.956193457563131 
    0 	  0.111072 	   1.583447463179308 	  98.359525658091826 	  14.194886847944325 	 -11.372284118609569 	-9999.956193457568588 
    0 	  0.166608 	   2.368763540224048 	  97.568005187144166 	  14.078246732924638 	 -17.147531416176516 	-9999.956193457595873 
    0 	  0.222144 	   3.146206780793440 	  96.452872075099009 	  13.910738733413911 	 -23.033204095247978 	-9999.956193457579502 
    0 	  0.277680 	   3.912833011369030 	  95.006823539314652 	  13.687792880304100 	 -29.072266821545831 	-9999.956193457544941 
    0 	  0.333216 	   4.665394231728230 	  93.220014655947921 	  13.402965332474400 	 -35.313665144817506 	-9999.956193457535846 
    0 	  0.388752 	   5.400220602419479 	  91.079659799079124 	  13.047398662532103 	 -41.814840830448510 	-9999.956193457550398 
    0 	  0.444288 	   6.113065210689052 	  88.569470200703705 	  12.609001009404841 	 -48.645188834188176 	-9999.956193457484915 
    0 	  0.499824 	   6.798891926811064 	  85.668861346383920 	  12.071182527891269 	 -55.891005239246319 	-9999.956193457488553 
    0 	  0.555360 	   7.451574595766401 	  82.351823988532587 	  11.410863013580327 	 -63.662853325298876 	-9999.956193457421250 
    0 	  0.610896 	   8.063453959014272 	  78.585283382244455 	  10.595222199314358 	 -72.106990026306349 	-9999.956193457535846 
    0 	  0.666432 	   8.624657179150836 	  74.326645221746290 	   9.576163384049346 	 -81.423922282097337 	-9999.956193457510381 
    0 	  0.721968 	   9.122001064454347 	  69.519982850642450 	   8.280350316580552 	 -91.900204110755283 	-9999.956193457443078 
    0 	  0.777505 	   9.537118034627412 	  64.089814072021895 	   6.589991787031941 	-103.966612021931667 	-9999.956193457532208 
    0 	  0.833041 	   9.843009360060275 	  57.930268289318299 	   4.302309284911763 	-118.313817834735787 	-9999.956193457621339 
    0 	  0.888577 	   9.997058226727201 	  50.884528612757784 	   1.033115588984934 	-136.149272841954797 	-9999.956193457628615 
    0 	  0.944113 	   9.924795622349489 	  42.700775041794358 	  -4.055380501691801 	-159.864022154952295 	-9999.956193457397603 
    0 	  0.999649 	   9.473374579980907 	  32.918492930614597 	 -13.259782855833874 	-195.237543412951425 	-9999.956193457201152 
    0 	  1.055185 	   8.215671980615221 	  20.459080752150250 	 -36.550229184687794 	-262.897428204048992 	-9999.956193457423069 
    0 	  1.110721 	   1.112055733875601 	  -0.688024416826617 	-1055.857691311310418 	-577.678741659964885 	-9999.956193457273912 
    0 	  1.166257 	  -3.574672871095227 	  21.250970349384129 	  21.284939578703689 	 268.473908829403626 	-9999.956193456477195 
    0 	  1.221793 	  -2.087490534812883 	  33.821793074741890 	  29.741186797410926 	 195.041352076677498 	-9999.956193455886023 
    0 	  1.277329 	  -0.386978171139766 	  43.535951164410697 	  31.062792393046667 	 157.869775231670076 	-9999.956193455742323 
    0 	  1.332865 	   1.336087101342671 	  51.583463012213130 	  30.858641182822456 	 133.329278062709307 	-9999.956193455705943 
    0 	  1.388401 	   3.031562531361950 	  58.459138560249528 	  30.150646724854266 	 115.051817895031434 	-9999.956193455716857 
    0 	  1.443937 	   4.681391873713904 	  64.429887334258282 	  29.243381372810035 	 100.452470521418689 	-9999.956193455713219 
    0 	  1.499473 	   6.278139407011607 	  69.660500494849487 	  28.250651734802229 	  88.241603463207326 	-9999.956193455691391 
    0 	  1.555009 	   7.818569426913198 	  74.261581759117931 	  27.220327596344895 	  77.687961176991777 	-9999.956193455667744 
    0 	  1.610545 	   9.301259744192587 	  78.311665836095671 	  26.173537754939243 	  68.338562352268511 	-9999.956193455713219 
    0 	  1.666081 	  10.725584610521349 	  81.868779789093765 	  25.119328174111057 	  59.893790629653175 	-9999.956193455738685 
    0 	  1.721617 	  12.091238121169221 	  84.977043881315339 	  24.060835248405574 	  52.145043994779684 	-9999.956193455693210 
    0 	  1.777153 	  13.397994166600013 	  87.670696355057004 	  22.998111776720965 	  44.940863202683296 	-9999.956193455649554 
    0 	  1.832689 	  14.645577612544358 	  89.976674343790819 	  21.929495795290109 	  38.167267237593002 	-9999.956193455640459 
    0 	  1.888225 	  15.833590204067377 	  91.916334780975802 	  20.852293750343094 	  31.735700617573606 	-9999.956193455613175 
    0 	  1.943761 	  16.961463799963184 	  93.506636591471008 	  19.763118865795942 	  25.575297939496430 	-9999.956193455649554 
    0 	  1.999297 	  18.028426763220448 	  94.760970373777766 	  18.658044527294091 	  19.627711478207811 	-9999.956193455638640 
    0 	  2.054833 	  19.033475650205514 	  95.689748041007647 	  17.532650579326976 	  13.843515936631027 	-9999.956193455591347 
    0 	  2.110369 	  19.975347440161379 	  96.300822514187544 	  16.382000765301168 	   8.179608937250467 	-9999.956193455564062 
    0 	  2.165905 	  20.852489038433109 	  96.599782039953240 	  15.200568854680954 	   2.597248185212257 	-9999.956193455551329 
    0 	  2.221441 	  21.663021402057620 	  96.590147585167443 	  13.982119044172439 	  -2.939507746146888 	-9999.956193455562243 
    0 	  2.276978 	  22.404695710910193 	  96.273491010902589 	  12.719538083045750 	  -8.465115846225810 	-9999.956193455571338 
    0 	  2.332514 	  23.074838671219844 	  95.649484026309224 	  11.404609597266610 	 -14.013743029950874 	-9999.956193455567700 
    0 	  2.388050 	  23.670283304354736 	  94.715881829433812 	  10.027713461212100 	 -19.620440124830047 	-9999.956193455607718 
    0 	  2.443586 	  24.187280359130590 	  93.468439842514414 	   8.577423069718174 	 -25.322394376755962 	-9999.956193455678658 
    0 	  2.499122 	  24.621383600768581 	  91.900756178288390 	   7.039958762885139 	 -31.160372154304483 	-9999.956193455805987 
    0 	  2.554658 	  24.967299329025806 	  90.004025492719336 	   5.398432939838230 	 -37.180495264171341 	-9999.956193455842367 
    0 	  2.610194 	  25.218685958549042 	  87.766680425023921 	   3.631785479208910 	 -43.436553666713692 	-9999.956193455913308 
    0 	  2.665730 	  25.367882289231623 	  85.173882927720072 	   1.713245776353282 	 -49.993162044421219 	-9999.956193455864195 
    0 	  2.721266 	  25.405531261442778 	  82.206806078016086 	  -0.391951565514108 	 -56.930252298549043 	-9999.956193455893299 
    0 	  2.776802 	  25.320045855149960 	  78.841611291279847 	  -2.730070285513469 	 -64.349728282244456 	-9999.956193455995162 
    0 	  2.832338 	  25.096828060514397 	  75.047964371282731 	  -5.364452192808560 	 -72.385739173410101 	-9999.956193455991524 
    0 	  2.887874 	  24.717085216217164 	  70.786822298037862 	  -8.384811091947510 	 -81.221279330524354 	-9999.956193456069741 
    0 	  2.943410 	  24.155956139019022 	  66.007008186414524 	 -11.923580257138395 	 -91.116473305841652 	-9999.956193456049732 
    0 	  2.998946 	  23.379378765701780 	  60.639649634379360 	 -16.186683552878812 	-102.459985110406478 	-9999.956193456138863 
    0 	  3.054482 	  22.338476357971849 	  54.588561265783369 	 -21.516717587209747 	-115.870411587511740 	-9999.956193456237088 
    0 	  3.110018 	  20.958519783560547 	  47.712151060362707 	 -28.538662934654788 	-132.419107277732309 	-9999.956193456373512 
    0 	  3.165554 	  19.114209156165774 	  39.785104489523135 	 -38.556066356344402 	-154.200273882072054 	-9999.956193456473557 
    0 	  3.221090 	  16.562106095394480 	  30.401268787110059 	 -54.943571088693993 	-186.174335864133326 	-9999.956193456810070 
    0 	  3.276626 	  12.675631720582755 	  18.635332749522046 	 -91.098025481259157 	-245.336593125040054 	-9999.956193456613619 
    0 	  3.332162 	   2.589928728000779 	   0.037633058643441 	-658.274803919817600 	-546.885060283142252 	-9999.956193455391258 
    0 	  3.387698 	   1.015660573797749 	  21.020364783072676 	  79.805546831004548 	 261.481604063492512 	-9999.956193457308473 
    0 	  3.443234 	   5.236103275039988 	  33.103231935399926 	  72.018457835823838 	 185.446327304858585 	-9999.956193456971960 
    0 	  3.498770 	   9.036973398537311 	  42.279485831163164 	  65.111882345355937 	 148.220666058222747 	-9999.956193457093832 
    0 	  3.554306 	  12.492200267229125 	  49.800016357485873 	  59.498713573753328 	 124.028327827682176 	-9999.956193457002882 
    0 	  3.609842 	  15.662044677475611 	  56.171173102679006 	  54.777906539363883 	 106.189785029812398 	-9999.956193457031986 
    0 	  3.665378 	  18.587892518815764 	  61.662369622554266 	  50.675972546334151 	  92.044485455732485 	-9999.956193457006520 
    0 	  3.720914 	  21.298927868500911 	  66.438510017703862 	  47.018777036494342 	  80.280950700611768 	-9999.956193456891924 
    0 	  3.776450 	  23.816447391103328 	  70.609620486097199 	  43.691258878683811 	  70.161975803845493 	-9999.956193456810070 
    0 	  3.831987 	  26.156423039172232 	  74.253502172593414 	  40.613834779136418 	  61.233990713588689 	-9999.956193456791880 
    0 	  3.887523 	  28.331068226034322 	  77.427477488465897 	  37.729077919178415 	  53.198684727985118 	-9999.956193456690016 
    0 	  3.943059 	  30.349833912276004 	  80.175055613536543 	  34.993942119828631 	  45.849397871055928 	-9999.956193456644542 
    0 	  3.998595 	  32.220065285079500 	  82.529977292506615 	  32.375020810103933 	  39.036773334849443 	-9999.956193456651818 
    0 	  4.054131 	  33.947447320840119 	  84.518798967381258 	  29.845529359494286 	  32.648918542233055 	-9999.956193456711844 
    0 	  4.109667 	  35.536313373258110 	  86.162611131475444 	  27.383303990321899 	  26.599301154696406 	-9999.956193456717301 
    0 	  4.165203 	  36.989861208842903 	  87.478216765691826 	  24.969420421487868 	  20.819014485614051 	-9999.956193456660912 
    0 	  4.220739 	  38.310303903759859 	  88.478958032967512 	  22.587199738514915 	  15.251628827100458 	-9999.956193456664550 
    0 	  4.276275 	  39.498972848595336 	  89.175304582340033 	  20.221459194281753 	   9.849630733073406 	-9999.956193456619076 
    0 	  4.331811 	  40.556383750974192 	  89.575274009714164 	  17.857916547995170 	   4.571864388885576 	-9999.956193456648180 
    0 	  4.387347 	  41.482272333363603 	  89.684729364515249 	  15.482685644744297 	  -0.618384834072389 	-9999.956193456699111 
    0 	  4.442883 	  42.275603461772242 	  89.507582486247458 	  13.081817223833680 	  -5.754896529234634 	-9999.956193456731853 
    0 	  4.498419 	  42.934555142223026 	  89.045921309351186 	  10.640847060384823 	 -10.869769362990471 	-9999.956193456722758 
    0 	  4.553955 	  43.456476802418862 	  88.300071755095587 	   8.144315715326663 	 -15.994539855508872 	-9999.956193456722758 
    0 	  4.609491 	  43.837819230848545 	  87.268599005249087 	   5.575221081096553 	 -21.161261724001164 	-9999.956193456786423 
    0 	  4.665027 	  44.074031172743673 	  85.948247842612034 	   2.914355997484071 	 -26.403636268268009 	-9999.956193456797337 
    0 	  4.720563 	  44.159414510871436 	  84.333816543087565 	   0.139466492280184 	 -31.758293043702409 	-9999.956193456822803 
    0 	  4.776099 	  44.086925654731289 	  82.417952677247754 	  -2.775862395923261 	 -37.266345387233883 	-9999.956193456835535 
    0 	  4.831635 	  43.847904373676393 	  80.190851039453975 	  -5.863734406154489 	 -42.975394192644671 	-9999.956193456837354 
    0 	  4.887171 	  43.431701393115546 	  77.639822108948053 	  -9.164106808207405 	 -48.942240092067763 	-9999.956193456748224 
    0 	  4.942707 	  42.825160049656546 	  74.748681152870461 	 -12.727959626821955 	 -55.236717314534580 	-9999.956193456735491 
    0 	  4.998243 	  42.011880347759657 	  71.496878225155854 	 -16.622099447612012 	 -61.947338923873588 	-9999.956193456726396 
    0 	  5.053779 	  40.971146397163167 	  67.858238158827675 	 -20.936728905213716 	 -69.189961925022430 	-9999.956193456622714 
    0 	  5.109315 	  39.676310722399108 	  63.799087414432215 	 -25.797923322477061 	 -77.121705152582976 	-9999.956193456608162 
    0 	  5.164851 	  38.092257513526249 	  59.275368475003638 	 -31.389335098839314 	 -85.964507574915984 	-9999.956193456599067 
    0 	  5.220387 	  36.171206054407584 	  54.227982055399167 	 -37.992550303048738 	 -96.047614919999035 	-9999.956193456495384 
    0 	  5.275923 	  33.845284806156990 	  48.574794577317171 	 -46.068785143446284 	-107.890578822152051 	-9999.956193456520850 
    0 	  5.331460 	  31.012158109801142 	  42.195753288709270 	 -56.444091918038097 	-122.383422568919073 	-9999.956193456544497 
    0 	  5.386996 	  27.503475822584019 	  34.901802193160989 	 -70.801997620173609 	-141.239806216266572 	-9999.956193456557230 
    0 	  5.442532 	  23.000967856482287 	  26.357731551870284 	 -93.362415676056898 	-168.424404258419059 	-9999.956193456406254 
    0 	  5.498068 	  16.721817830093627 	  15.823514555531188 	-139.963930198418723 	-216.898167176485458 	-9999.956193456368055 
    0 	  5.553604 	   3.796605416928923 	   0.241111659675474 	-576.122102103809880 	-405.081355656143273 	-9999.956193456104302 
    0 	  5.609140 	   5.336448142698839 	  19.827193116082359 	 136.315538053849679 	 241.895082795377988 	-9999.956193456986512 
    0 	  5.664676 	  12.148853048403717 	  30.833230340944638 	 111.533650434625912 	 166.759396419256660 	-9999.956193456828260 
    0 	  5.720212 	  17.896744961937014 	  39.021077688463748 	  96.436483666043543 	 131.288382990239711 	-9999.956193456755500 
    0 	  5.775748 	  22.936612224627137 	  45.644963512185008 	  85.556698843910567 	 108.629300239488373 	-9999.956193456879191 
    0 	  5.831284 	  27.441811214945268 	  51.198296171169055 	  76.981275526593151 	  92.104854212221341 	-9999.956193456786423 
    0 	  5.886820 	  31.513403188410621 	  55.939806444806763 	  69.839892948923847 	  79.107464260523386 	-9999.956193456724577 
    0 	  5.942356 	  35.216880984155203 	  60.026404246221482 	  63.666331254969499 	  68.367888309492784 	-9999.956193456593610 
    0 	  5.997892 	  38.597661180943355 	  63.562119291120766 	  58.182295474396170 	  59.179168115017440 	-9999.956193456611800 
    0 	  6.053428 	  41.688716656960885 	  66.620184280118679 	  53.208258211209092 	  51.109464735072741 	-9999.956193456622714 
    0 	  6.108964 	  44.514758287455436 	  69.254390356671578 	  48.621336242449551 	  43.876466615772124 	-9999.956193456611800 
    0 	  6.164500 	  47.094709032664611 	  71.505489478868355 	  44.333309612737658 	  37.285637065546297 	-9999.956193456697292 
    0 	  6.220036 	  49.443254446157347 	  73.405059957110836 	  40.278240989431055 	  31.197077831279024 	-9999.956193456713663 
    0 	  6.275572 	  51.571857725377313 	  74.977966347515249 	  36.405061279245061 	  25.506492131818710 	-9999.956193456717301 
    0 	  6.331108 	  53.489446209874160 	  76.243990423204025 	  32.672895013850621 	  20.133625706139060 	-9999.956193456706387 
    0 	  6.386644 	  55.202886251765335 	  77.218947636342179 	  29.047976184613166 	  15.014914313345837 	-9999.956193456711844 
    0 	  6.442180 	  56.717315632360872 	  77.915469940216212 	  25.501524544597569 	  10.098612505278417 	-9999.956193456715482 
    0 	  6.497716 	  58.036375881793738 	  78.343563615454769 	  22.008218363623964 	   5.341442749976888 	-9999.956193456666369 
    0 	  6.553252 	  59.162371005139278 	  78.511009614311519 	  18.545042518191952 	   0.706203418797102 	-9999.956193456702749 
    0 	  6.608788 	  60.096369255077711 	  78.423649406516233 	  15.090370260318629 	  -3.840007389609657 	-9999.956193456728215 
    0 	  6.664324 	  60.838258087582133 	  78.085584010358275 	  11.623181831742995 	  -8.327171532620202 	-9999.956193456777328 
    0 	  6.719860 	  61.386757814907895 	  77.499303873772163 	   8.122347684609414 	 -12.783481950971677 	-9999.956193456744586 
    0 	  6.775396 	  61.739395830248931 	  76.665760298145045 	   4.565915662063151 	 -17.236332313516566 	-9999.956193456719120 
    0 	  6.830933 	  61.892440003588227 	  75.584383822443542 	   0.930343353435916 	 -21.713250711579054 	-9999.956193456682740 
    0 	  6.886469 	  61.840786427592221 	  74.253050505377672 	  -2.810390345207487 	 -26.242855273769639 	-9999.956193456635447 
    0 	  6.942005 	  61.577792590707162 	  72.667992651260278 	  -6.685878242652747 	 -30.855914036522318 	-9999.956193456688197 
    0 	  6.997541 	  61.095041575904183 	  70.823645525360519 	 -10.730699021711340 	 -35.586609316528993 	-9999.956193456759138 
    0 	  7.053077 	  60.382014976750334 	  68.712415132560992 	 -14.986325770119597 	 -40.474143142072300 	-9999.956193456782785 
    0 	  7.108613 	  59.425640147025341 	  66.324342905910029 	 -19.503799386796302 	 -45.564885651845906 	-9999.956193456853725 
    0 	  7.164149 	  58.209658088416504 	  63.646629036402175 	 -24.347608131569725 	 -50.915383862023333 	-9999.956193456884648 
    0 	  7.219685 	  56.713726041880513 	  60.662953353264761 	 -29.601524688478698 	 -56.596755998834070 	-9999.956193456890105 
    0 	  7.275221 	  54.912112569239220 	  57.352493880479187 	 -35.377740870852300 	 -62.701384243345458 	-9999.956193456864639 
    0 	  7.330757 	  52.771739632257180 	  53.688473845858333 	 -41.831820349372023 	 -69.353578240919262 	-9999.956193456848268 
    0 	  7.386293 	  50.249125233576414 	  49.635936663594677 	 -49.188517232658164 	 -76.727463950064418 	-9999.956193456910114 
    0 	  7.441829 	  47.285360580121704 	  45.148182732008841 	 -57.789378360233080 	 -85.078908658513754 	-9999.956193456995607 
    0 	  7.497365 	  43.797298723660568 	  40.160717758694346 	 -68.188147689579040 	 -94.807086796259128 	-9999.956193457024710 
    0 	  7.552901 	  39.660685051233031 	  34.580134607120826 	 -81.364379619405554 	-106.585899275465309 	-9999.956193457041081 
    0 	  7.608437 	  34.673654798568883 	  28.261327745515484 	 -99.282421929530827 	-121.686920989274824 	-9999.956193457137488 
    0 	  7.663973 	  28.461615827688465 	  20.952525418780692 	-126.751603267886793 	-142.960488169178205 	-9999.956193457141126 
    0 	  7.719509 	  20.132738766028151 	  12.120388923356147 	-181.063212479316093 	-179.151978416257521 	-9999.956193456888286 
    0 	  7.775045 	   4.902738792321141 	  -0.068670524040689 	-551.755803048656503 	-278.349604500955763 	-9999.956193458228881 
    0 	  7.830581 	   9.192348852964173 	  17.776820985459224 	 188.143966388615183 	 210.260048048666135 	-9999.956193456231631 
    0 	  7.886117 	  18.329807104645170 	  27.155439644362655 	 146.347752036182783 	 139.726026401104406 	-9999.956193456513574 
    0 	  7.941653 	  25.775570900229116 	  33.945522136926783 	 123.492258771887222 	 107.799686802137828 	-9999.956193456693654 
    0 	  7.997189 	  32.174378358751980 	  39.342234606944757 	 107.746333581109610 	  87.813454271299193 	-9999.956193456731853 
    0 	  8.052725 	  37.809981395055736 	  43.800932144672110 	  95.664079242331951 	  73.430180562434259 	-9999.956193456806432 
    0 	  8.108261 	  42.840436070281122 	  47.556493264541807 	  85.788021998934994 	  62.228491545567444 	-9999.956193456879191 
    0 	  8.163797 	  47.365444897440121 	  50.749868700595897 	  77.369926958980017 	  53.046238009535202 	-9999.956193456901019 
    0 	  8.219333 	  51.452939860359209 	  53.473826285132091 	  69.975979935921217 	  45.242751270901195 	-9999.956193456984693 
    0 	  8.274869 	  55.151659962414215 	  55.793332966297861 	  63.332408214644275 	  38.429876952074977 	-9999.956193456968322 
    0 	  8.330406 	  58.497852684160186 	  57.755938304846772 	  57.255124614285656 	  32.355612091245078 	-9999.956193456977417 
    0 	  8.385942 	  61.519158604653953 	  59.397586725306610 	  51.613979273591745 	  26.847374838365106 	-9999.956193457002882 
    0 	  8.441478 	  64.237008669971360 	  60.746106776624806 	  46.313042188494087 	  21.781775204552410 	-9999.956193456999245 
    0 	  8.497014 	  66.668175633984617 	  61.823421648428578 	  41.278998757994920 	  17.067352453317564 	-9999.956193457001064 
    0 	  8.552550 	  68.825814951125381 	  62.647009919639238 	  36.453944532665787 	  12.634150284384235 	-9999.956193456988331 
    0 	  8.608086 	  70.720181661128152 	  63.230903397958812 	  31.790699424241264 	   8.427120224011723 	-9999.956193457048357 
    0 	  8.663622 	  72.359132312689397 	  63.586386362952240 	  27.249628294758022 	   4.401774808453712 	-9999.956193457082918 
    0 	  8.719158 	  73.748478153928673 	  63.722494597258070 	  22.796391597286195 	   0.521215857756389 	-9999.956193457053814 
    0 	  8.774694 	  74.892230897442431 	  63.646375238498017 	  18.400281524517816 	  -3.245970595851399 	-9999.956193457061090 
    0 	  8.830230 	  75.792767126164591 	  63.363546332062739 	  14.032927053129029 	  -6.927261420998504 	-9999.956193457088375 
    0 	  8.885766 	  76.450927571142600 	  62.878081247260845 	   9.667223509301012 	 -10.547381237973832 	-9999.956193457081099 
    0 	  8.941302 	  76.866060710369553 	  62.192734232190311 	   5.276382757809040 	 -14.129255212085576 	-9999.956193457088375 
    0 	  8.996838 	  77.036015019311208 	  61.309017305348434 	   0.833020930026990 	 -17.694821941940589 	-9999.956193457141126 
    0 	  9.052374 	  76.957079839713373 	  60.227234212607961 	  -3.691792432973921 	 -21.265777515370701 	-9999.956193457177505 
    0 	  9.107910 	  76.623870523966914 	  58.946473539008814 	  -8.329604864766416 	 -24.864312406268798 	-9999.956193457113841 
    0 	  9.163446 	  76.029148582645547 	  57.464559678767486 	 -13.115869978428670 	 -28.513903019076569 	-9999.956193457141126 
    0 	  9.218982 	  75.163561189962465 	  55.777956708361991 	 -18.091589088897994 	 -32.240229603565993 	-9999.956193457170230 
    0 	  9.274518 	  74.015275389224399 	  53.881615668951248 	 -23.305501563166260 	 -36.072314761364261 	-9999.956193457159316 
    0 	  9.330054 	  72.569468744140707 	  51.768749487862607 	 -28.817127211233359 	 -40.044018364763019 	-9999.956193457146583 
    0 	  9.385590 	  70.807616611060396 	  49.430510370960270 	 -34.701152157112496 	 -44.196098505599394 	-9999.956193457161135 
    0 	  9.441126 	  68.706480411685689 	  46.855529550097231 	 -41.053990414470860 	 -48.579180148777972 	-9999.956193457175686 
    0 	  9.496662 	  66.236639126779195 	  44.029254232879929 	 -48.003997854915625 	 -53.258216987598296 	-9999.956193457301197 
    0 	  9.552198 	  63.360292763082498 	  40.932972481914064 	 -55.728100789120369 	 -58.319503136411626 	-9999.956193457335758 
    0 	  9.607734 	  60.027847047500124 	  37.542334587977344 	 -64.480338008576538 	 -63.882255926717811 	-9999.956193457366680 
    0 	  9.663270 	  56.172333272717289 	  33.825016347010852 	 -74.644126191978330 	 -70.118912928156547 	-9999.956193457352128 
    0 	  9.718806 	  51.699686887613126 	  29.736819355904757 	 -86.836154599435673 	 -77.293390749814009 	-9999.956193457310292 
    0 	  9.774342 	  46.470300042304416 	  25.214673390841263 	-102.136620245996411 	 -85.840322285855564 	-9999.956193457283007 
    0 	  9.829879 	  40.259574110266577 	  20.162766166170265 	-122.683439100682676 	 -96.551530525180382 	-9999.956193457363042 
    0 	  9.885415 	  32.656873463046118 	  14.420785734022681 	-153.609594725787957 	-111.103972071143403 	-9999.956193457399422 
    0 	  9.940951 	  22.710247481537955 	   7.672679069389504 	-212.707938345134806 	-134.051973662200055 	-9999.956193457661357 
    0 	  9.996487 	   5.853880606747510 	  -0.838593332696973 	-536.128489654335226 	-163.150758173046029 	-9999.956193456708206 
    0 	 10.052023 	  12.420662035833182 	  15.012724567479763 	 232.764843034614358 	 167.680109281311218 	-9999.956193455036555 
    0 	 10.107559 	  23.500620638643746 	  22.278131735088920 	 174.714680732639891 	 105.501545824811004 	-9999.956193455071116 
    0 	 10.163095 	  32.309898184403202 	  27.322429572900830 	 144.921447208486626 	  78.805744857270142 	-9999.956193454898312 
    0 	 10.218631 	  39.773774390394486 	  31.216947697610404 	 124.954891065002002 	  62.530605411648295 	-9999.956193454765526 
    0 	 10.274167 	  46.278157154088319 	  34.354423962621091 	 109.889752241945416 	  51.026689287921258 	-9999.956193454729146 
    0 	 10.329703 	  52.032521629695125 	  36.933373668171448 	  97.720667946828954 	  42.190442257749091 	-9999.956193454809181 
    0 	 10.385239 	  57.166940229900199 	  39.071358375234112 	  87.441814568452259 	  35.029296567617997 	-9999.956193454825552 
    0 	 10.440775 	  61.769111314906837 	  40.845033327817688 	  78.479509252704702 	  29.002991994089012 	-9999.956193454816457 
    0 	 10.496311 	  65.901505076546385 	  42.307723814486216 	  70.476239715400638 	  23.787559955374931 	-9999.956193454847380 
    0 	 10.551847 	  69.610360179938382 	  43.498278726080343 	  63.194083726197377 	  19.174521373611690 	-9999.956193454820095 
    0 	 10.607383 	  72.930839272323809 	  44.445982616515742 	  56.466335627165599 	  15.022242518554233 	-9999.956193454834647 
    0 	 10.662919 	  75.890182627284190 	  45.173483690646080 	  50.171130671626337 	  11.230234527609044 	-9999.956193454849199 
    0 	 10.718455 	  78.509735461677096 	  45.698638349381532 	  44.216071754676236 	   7.724585495040099 	-9999.956193454861932 
    0 	 10.773991 	  80.806301608392644 	  46.035724989729417 	  38.528765904876082 	   4.449222433157701 	-9999.956193454787353 
    0 	 10.829527 	  82.793073242966784 	  46.196270973993670 	  33.050719872844198 	   1.360418361162543 	-9999.956193454754612 
    0 	 10.885063 	  84.480281649665585 	  46.189631749942080 	  27.733232672853486 	  -1.576802166044712 	-9999.956193454836466 
    0 	 10.940599 	  85.875656662588824 	  46.023405012932145 	  22.534516731563738 	  -4.391100735054511 	-9999.956193454856475 
    0 	 10.996135 	  86.984749324571510 	  45.703731222502505 	  17.417592299093432 	  -7.106534262234264 	-9999.956193454911045 
    0 	 11.051671 	  87.811152255039715 	  45.235513188151714 	  12.348671787044507 	  -9.743793720255546 	-9999.956193454923778 
    1 	  0.000000 	   0.000000000000000 	  98.989794855663547 	  14.286458158996599 	   0.000000000000000 	-10000.000000000001819 
    1 	  0.055536 	   0.792992459159303 	  98.832470924437828 	  14.263707809995523 	  -5.668563611345210 	-9999.956193457563131 
    1 	  0.111072 	   1.583447463179308 	  98.359525658091826 	  14.194886847944325 	 -11.372284118609569 	-9999.956193457568588 
    1 	  0.166608 	   2.368763540224048 	  97.568005187144166 	  14.078246732924638 	 -17.147531416176516 	-9999.956193457595873 
    1 	  0.222144 	   3.146206780793440 	  96.452872075099009 	  13.910738733413911 	 -23.033204095247978 	-9999.956193457579502 
    1 	  0.277680 	   3.912833011369030 	  95.006823539314652 	  13.687792880304100 	 -29.072266821545831 	-9999.956193457544941 
    1 	  0.333216 	   4.665394231728230 	  93.220014655947921 	  13.402965332474400 	 -35.313665144817506 	-9999.956193457535846 
    1 	  0.388752 	   5.400220602419479 	  91.079659799079124 	  13.047398662532103 	 -41.814840830448510 	-9999.956193457550398 
    1 	  0.444288 	   6.113065210689052 	  88.569470200703705 	  12.609001009404841 	 -48.645188834188176 	-9999.956193457484915 
    1 	  0.499824 	   6.798891926811064 	  85.668861346383920 	  12.071182527891269 	 -55.891005239246319 	-9999.956193457488553 
    1 	  0.555360 	   7.451574595766401 	  82.351823988532587 	  11.410863013580327 	 -63.662853325298876 	-9999.956193457421250 
    1 	  0.610896 	   8.063453959014272 	  78.585283382244455 	  10.595222199314358 	 -72.106990026306349 	-9999.956193457535846 
    1 	  0.666432 	   8.624657179150836 	  74.326645221746290 	   9.576163384049346 	 -81.423922282097337 	-9999.956193457510381 
    1 	  0.721968 	   9.122001064454347 	  69.519982850642450 	   8.280350316580552 	 -91.900204110755283 	-9999.956193457443078 
    1 	  0.777505 	   9.537118034627412 	  64.089814072021895 	   6.589991787031941 	-103.966612021931667 	-9999.956193457532208 
    1 	  0.833041 	   9.843009360060275 	  57.930268289318299 	   4.302309284911763 	-118.313817834735787 	-9999.956193457621339 
    1 	  0.888577 	   9.997058226727201 	  50.884528612757784 	   1.033115588984934 	-136.149272841954797 	-9999.956193457628615 
    1 	  0.944113 	   9.924795622349489 	  42.700775041794358 	  -4.055380501691801 	-159.864022154952295 	-9999.956193457397603 
    1 	  0.999649 	   9.473374579980907 	  32.918492930614597 	 -13.259782855833874 	-195.237543412951425 	-9999.956193457201152 
    1 	  1.055185 	   8.215671980615221 	  20.459080752150250 	 -36.550229184687794 	-262.897428204048992 	-9999.956193457423069 
    1 	  1.110721 	   1.112055733875601 	  -0.688024416826617 	-1055.857691311310418 	-577.678741659964885 	-9999.956193457273912 
    1 	  1.166257 	  -3.574672871095227 	  21.250970349384129 	  21.284939578703689 	 268.473908829403626 	-9999.956193456477195 
    1 	  1.221793 	  -2.087490534812883 	  33.821793074741890 	  29.741186797410926 	 195.041352076677498 	-9999.956193455886023 
    1 	  1.277329 	  -0.386978171139766 	  43.535951164410697 	  31.062792393046667 	 157.869775231670076 	-9999.956193455742323 
    1 	  1.332865 	   1.336087101342671 	  51.583463012213130 	  30.858641182822456 	 133.329278062709307 	-9999.956193455705943 
    1 	  1.388401 	   3.031562531361950 	  58.459138560249528 	  30.150646724854266 	 115.051817895031434 	-9999.956193455716857 
    1 	  1.443937 	   4.681391873713904 	  64.429887334258282 	  29.243381372810035 	 100.452470521418689 	-9999.956193455713219 
    1 	  1.499473 	   6.278139407011607 	  69.660500494849487 	  28.250651734802229 	  88.241603463207326 	-9999.956193455691391 
    1 	  1.555009 	   7.818569426913198 	  74.261581759117931 	  27.220327596344895 	  77.687961176991777 	-9999.956193455667744 
    1 	  1.610545 	   9.301259744192587 	  78.311665836095671 	  26.173537754939243 	  68.338562352268511 	-9999.956193455713219 
    1 	  1.666081 	  10.725584610521349 	  81.868779789093765 	  25.119328174111057 	  59.893790629653175 	-9999.956193455738685 
    1 	  1.721617 	  12.091238121169221 	  84.977043881315339 	  24.060835248405574 	  52.145043994779684 	-9999.956193455693210 
    1 	  1.777153 	  13.397994166600013 	  87.670696355057004 	  22.998111776720965 	  44.940863202683296 	-9999.956193455649554 
    1 	  1.832689 	  14.645577612544358 	  89.976674343790819 	  21.929495795290109 	  38.167267237593002 	-9999.956193455640459 
    1 	  1.888225 	  15.833590204067377 	  91.916334780975802 	  20.852293750343094 	  31.735700617573606 	-9999.956193455613175 
    1 	  1.943761 	  16.961463799963184 	  93.506636591471008 	  19.763118865795942 	  25.575297939496430 	-9999.956193455649554 
    1 	  1.999297 	  18.028426763220448 	  94.760970373777766 	  18.658044527294091 	  19.627711478207811 	-9999.956193455638640 
    1 	  2.054833 	  19.033475650205514 	  95.689748041007647 	  17.532650579326976 	  13.843515936631027 	-9999.956193455591347 
    1 	  2.110369 	  19.975347440161379 	  96.300822514187544 	  16.382000765301168 	   8.179608937250467 	-9999.956193455564062 
    1 	  2.165905 	  20.852489038433109 	  96.599782039953240 	  15.200568854680954 	   2.597248185212257 	-9999.956193455551329 
    1 	  2.221441 	  21.663021402057620 	  96.590147585167443 	  13.982119044172439 	  -2.939507746146888 	-9999.956193455562243 
    1 	  2.276978 	  22.404695710910193 	  96.273491010902589 	  12.719538083045750 	  -8.465115846225810 	-9999.956193455571338 
    1 	  2.332514 	  23.074838671219844 	  95.649484026309224 	  11.404609597266610 	 -14.013743029950874 	-9999.956193455567700 
    1 	  2.388050 	  23.670283304354736 	  94.715881829433812 	  10.027713461212100 	 -19.620440124830047 	-9999.956193455607718 
    1 	  2.443586 	  24.187280359130590 	  93.468439842514414 	   8.577423069718174 	 -25.322394376755962 	-9999.956193455678658 
    1 	  2.499122 	  24.621383600768581 	  91.900756178288390 	   7.039958762885139 	 -31.160372154304483 	-9999.956193455805987 
    1 	  2.554658 	  24.967299329025806 	  90.004025492719336 	   5.398432939838230 	 -37.180495264171341 	-9999.956193455842367 
    1 	  2.610194 	  25.218685958549042 	  87.766680425023921 	   3.631785479208910 	 -43.436553666713692 	-9999.956193455913308 
    1 	  2.665730 	  25.367882289231623 	  85.173882927720072 	   1.713245776353282 	 -49.993162044421219 	-9999.956193455864195 
    1 	  2.721266 	  25.405531261442778 	  82.206806078016086 	  -0.391951565514108 	 -56.930252298549043 	-9999.956193455893299 
    1 	  2.776802 	  25.320045855149960 	  78.841611291279847 	  -2.730070285513469 	 -64.349728282244456 	-9999.956193455995162 
    1 	  2.832338 	  25.096828060514397 	  75.047964371282731 	  -5.364452192808560 	 -72.385739173410101 	-9999.956193455991524 
    1 	  2.887874 	  24.717085216217164 	  70.786822298037862 	  -8.384811091947510 	 -81.221279330524354 	-9999.956193456069741 
    1 	  2.943410 	  24.155956139019022 	  66.007008186414524 	 -11.923580257138395 	 -91.116473305841652 	-9999.956193456049732 
    1 	  2.998946 	  23.379378765701780 	  60.639649634379360 	 -16.186683552878812 	-102.459985110406478 	-9999.956193456138863 
    1 	  3.054482 	  22.338476357971849 	  54.588561265783369 	 -21.516717587209747 	-115.870411587511740 	-9999.956193456237088 
    1 	  3.110018 	  20.958519783560547 	  47.712151060362707 	 -28.538662934654788 	-132.419107277732309 	-9999.956193456373512 
    1 	  3.165554 	  19.114209156165774 	  39.785104489523135 	 -38.556066356344402 	-154.200273882072054 	-9999.956193456473557 
    1 	  3.221090 	  16.562106095394480 	  30.401268787110059 	 -54.943571088693993 	-186.174335864133326 	-9999.956193456810070 
    1 	  3.276626 	  12.675631720582755 	  18.635332749522046 	 -91.098025481259157 	-245.336593125040054 	-9999.956193456613619 
    1 	  3.332162 	   2.589928728000779 	   0.037633058643441 	-658.274803919817600 	-546.885060283142252 	-9999.956193455391258 
    1 	  3.387698 	   1.015660573797749 	  21.020364783072676 	  79.805546831004548 	 261.481604063492512 	-9999.956193457308473 
    1 	  3.443234 	   5.236103275039988 	  33.103231935399926 	  72.018457835823838 	 185.446327304858585 	-9999.956193456971960 
    1 	  3.498770 	   9.036973398537311 	  42.279485831163164 	  65.111882345355937 	 148.220666058222747 	-9999.956193457093832 
    1 	  3.554306 	  12.492200267229125 	  49.800016357485873 	  59.498713573753328 	 124.028327827682176 	-9999.956193457002882 
    1 	  3.609842 	  15.662044677475611 	  56.171173102679006 	  54.777906539363883 	 106.189785029812398 	-9999.956193457031986 
    1 	  3.665378 	  18.587892518815764 	  61.662369622554266 	  50.675972546334151 	  92.044485455732485 	-9999.956193457006520 
    1 	  3.720914 	  21.298927868500911 	  66.438510017703862 	  47.018777036494342 	  80.280950700611768 	-9999.956193456891924 
    1 	  3.776450 	  23.816447391103328 	  70.609620486097199 	  43.691258878683811 	  70.161975803845493 	-9999.956193456810070 
    1 	  3.831987 	  26.156423039172232 	  74.253502172593414 	  40.613834779136418 	  61.233990713588689 	-9999.956193456791880 
    1 	  3.887523 	  28.331068226034322 	  77.427477488465897 	  37.729077919178415 	  53.198684727985118 	-9999.956193456690016 
    1 	  3.943059 	  30.349833912276004 	  80.175055613536543 	  34.993942119828631 	  45.849397871055928 	-9999.956193456644542 
    1 	  3.998595 	  32.220065285079500 	  82.529977292506615 	  32.375020810103933 	  39.036773334849443 	-9999.956193456651818 
    1 	  4.054131 	  33.947447320840119 	  84.518798967381258 	  29.845529359494286 	  32.648918542233055 	-9999.956193456711844 
    1 	  4.109667 	  35.536313373258110 	  86.162611131475444 	  27.383303990321899 	  26.599301154696406 	-9999.956193456717301 
    1 	  4.165203 	  36.989861208842903 	  87.478216765691826 	  24.969420421487868 	  20.819014485614051 	-9999.956193456660912 
    1 	  4.220739 	  38.310303903759859 	  88.478958032967512 	  22.587199738514915 	  15.251628827100458 	-9999.956193456664550 
    1 	  4.276275 	  39.498972848595336 	  89.175304582340033 	  20.221459194281753 	   9.849630733073406 	-9999.956193456619076 
    1 	  4.331811 	  40.556383750974192 	  89.575274009714164 	  17.857916547995170 	   4.571864388885576 	-9999.956193456648180 
    1 	  4.387347 	  41.482272333363603 	  89.684729364515249 	  15.482685644744297 	  -0.618384834072389 	-9999.956193456699111 
    1 	  4.442883 	  42.275603461772242 	  89.507582486247458 	  13.081817223833680 	  -5.754896529234634 	-9999.956193456731853 
    1 	  4.498419 	  42.934555142223026 	  89.045921309351186 	  10.640847060384823 	 -10.869769362990471 	-9999.956193456722758 
    1 	  4.553955 	  43.456476802418862 	  88.300071755095587 	   8.144315715326663 	 -15.994539855508872 	-9999.956193456722758 
    1 	  4.609491 	  43.837819230848545 	  87.268599005249087 	   5.575221081096553 	 -21.161261724001164 	-9999.956193456786423 
    1 	  4.665027 	  44.074031172743673 	  85.948247842612034 	   2.914355997484071 	 -26.403636268268009 	-9999.956193456797337 
    1 	  4.720563 	  44.159414510871436 	  84.333816543087565 	   0.139466492280184 	 -31.758293043702409 	-9999.956193456822803 
    1 	  4.776099 	  44.086925654731289 	  82.417952677247754 	  -2.775862395923261 	 -37.266345387233883 	-9999.956193456835535 
    1 	  4.831635 	  43.847904373676393 	  80.190851039453975 	  -5.863734406154489 	 -42.975394192644671 	-9999.956193456837354 
    1 	  4.887171 	  43.431701393115546 	  77.639822108948053 	  -9.164106808207405 	 -48.942240092067763 	-9999.956193456748224 
    1 	  4.942707 	  42.825160049656546 	  74.748681152870461 	 -12.727959626821955 	 -55.236717314534580 	-9999.956193456735491 
    1 	  4.998243 	  42.011880347759657 	  71.496878225155854 	 -16.622099447612012 	 -61.947338923873588 	-9999.956193456726396 
    1 	  5.053779 	  40.971146397163167 	  67.858238158827675 	 -20.936728905213716 	 -69.189961925022430 	-9999.956193456622714 
    1 	  5.109315 	  39.676310722399108 	  63.799087414432215 	 -25.797923322477061 	 -77.121705152582976 	-9999.956193456608162 
    1 	  5.164851 	  38.092257513526249 	  59.275368475003638 	 -31.389335098839314 	 -85.964507574915984 	-9999.956193456599067 
    1 	  5.220387 	  36.171206054407584 	  54.227982055399167 	 -37.992550303048738 	 -96.047614919999035 	-9999.956193456495384 
    1 	  5.275923 	  33.845284806156990 	  48.574794577317171 	 -46.068785143446284 	-107.890578822152051 	-9999.956193456520850 
    1 	  5.331460 	  31.012158109801142 	  42.195753288709270 	 -56.444091918038097 	-122.383422568919073 	-9999.956193456544497 
    1 	  5.386996 	  27.503475822584019 	  34.901802193160989 	 -70.801997620173609 	-141.239806216266572 	-9999.956193456557230 
    1 	  5.442532 	  23.000967856482287 	  26.357731551870284 	 -93.362415676056898 	-168.424404258419059 	-9999.956193456406254 
    1 	  5.498068 	  16.721817830093627 	  15.823514555531188 	-139.963930198418723 	-216.898167176485458 	-9999.956193456368055 
    1 	  5.553604 	   3.796605416928923 	   0.241111659675474 	-576.122102103809880 	-405.081355656143273 	-9999.956193456104302 
    1 	  5.609140 	   5.336448142698839 	  19.827193116082359 	 136.315538053849679 	 241.895082795377988 	-9999.956193456986512 
    1 	  5.664676 	  12.148853048403717 	  30.833230340944638 	 111.533650434625912 	 166.759396419256660 	-9999.956193456828260 
    1 	  5.720212 	  17.896744961937014 	  39.021077688463748 	  96.436483666043543 	 131.288382990239711 	-9999.956193456755500 
    1 	  5.775748 	  22.936612224627137 	  45.644963512185008 	  85.556698843910567 	 108.629300239488373 	-9999.956193456879191 
    1 	  5.831284 	  27.441811214945268 	  51.198296171169055 	  76.981275526593151 	  92.104854212221341 	-9999.956193456786423 
    1 	  5.886820 	  31.513403188410621 	  55.939806444806763 	  69.839892948923847 	  79.107464260523386 	-9999.956193456724577 
    1 	  5.942356 	  35.216880984155203 	  60.026404246221482 	  63.666331254969499 	  68.367888309492784 	-9999.956193456593610 
    1 	  5.997892 	  38.597661180943355 	  63.562119291120766 	  58.182295474396170 	  59.179168115017440 	-9999.956193456611800 
    1 	  6.053428 	  41.688716656960885 	  66.620184280118679 	  53.208258211209092 	  51.109464735072741 	-9999.956193456622714 
    1 	  6.108964 	  44.514758287455436 	  69.254390356671578 	  48.621336242449551 	  43.876466615772124 	-9999.956193456611800 
    1 	  6.164500 	  47.094709032664611 	  71.505489478868355 	  44.333309612737658 	  37.285637065546297 	-9999.956193456697292 
    1 	  6.220036 	  49.443254446157347 	  73.405059957110836 	  40.278240989431055 	  31.197077831279024 	-9999.956193456713663 
    1 	  6.275572 	  51.571857725377313 	  74.977966347515249 	  36.405061279245061 	  25.506492131818710 	-9999.956193456717301 
    1 	  6.331108 	  53.489446209874160 	  76.243990423204025 	  32.672895013850621 	  20.133625706139060 	-9999.956193456706387 
    1 	  6.386644 	  55.202886251765335 	  77.218947636342179 	  29.047976184613166 	  15.014914313345837 	-9999.956193456711844 
    1 	  6.442180 	  56.717315632360872 	  77.915469940216212 	  25.501524544597569 	  10.098612505278417 	-9999.956193456715482 
    1 	  6.497716 	  58.036375881793738 	  78.343563615454769 	  22.008218363623964 	   5.341442749976888 	-9999.956193456666369 
    1 	  6.553252 	  59.162371005139278 	  78.511009614311519 	  18.545042518191952 	   0.706203418797102 	-9999.956193456702749 
    1 	  6.608788 	  60.096369255077711 	  78.423649406516233 	  15.090370260318629 	  -3.840007389609657 	-9999.956193456728215 
    1 	  6.664324 	  60.838258087582133 	  78.085584010358275 	  11.623181831742995 	  -8.327171532620202 	-9999.956193456777328 
    1 	  6.719860 	  61.386757814907895 	  77.499303873772163 	   8.122347684609414 	 -12.783481950971677 	-9999.956193456744586 
    1 	  6.775396 	  61.739395830248931 	  76.665760298145045 	   4.565915662063151 	 -17.236332313516566 	-9999.956193456719120 
    1 	  6.830933 	  61.892440003588227 	  75.584383822443542 	   0.930343353435916 	 -21.713250711579054 	-9999.956193456682740 
    1 	  6.886469 	  61.840786427592221 	  74.253050505377672 	  -2.810390345207487 	 -26.242855273769639 	-9999.956193456635447 
    1 	  6.942005 	  61.577792590707162 	  72.667992651260278 	  -6.685878242652747 	 -30.855914036522318 	-9999.956193456688197 
    1 	  6.997541 	  61.095041575904183 	  70.823645525360519 	 -10.730699021711340 	 -35.586609316528993 	-9999.956193456759138 
    1 	  7.053077 	  60.382014976750334 	  68.712415132560992 	 -14.986325770119597 	 -40.474143142072300 	-9999.956193456782785 
    1 	  7.108613 	  59.425640147025341 	  66.324342905910029 	 -19.503799386796302 	 -45.564885651845906 	-9999.956193456853725 
    1 	  7.164149 	  58.209658088416504 	  63.646629036402175 	 -24.347608131569725 	 -50.915383862023333 	-9999.956193456884648 
    1 	  7.219685 	  56.713726041880513 	  60.662953353264761 	 -29.601524688478698 	 -56.596755998834070 	-9999.956193456890105 
    1 	  7.275221 	  54.912112569239220 	  57.352493880479187 	 -35.377740870852300 	 -62.701384243345458 	-9999.956193456864639 
    1 	  7.330757 	  52.771739632257180 	  53.688473845858333 	 -41.831820349372023 	 -69.353578240919262 	-9999.956193456848268 
    1 	  7.386293 	  50.249125233576414 	  49.635936663594677 	 -49.188517232658164 	 -76.727463950064418 	-9999.956193456910114 
    1 	  7.441829 	  47.285360580121704 	  45.148182732008841 	 -57.789378360233080 	 -85.078908658513754 	-9999.956193456995607 
    1 	  7.497365 	  43.797298723660568 	  40.160717758694346 	 -68.188147689579040 	 -94.807086796259128 	-9999.956193457024710 
    1 	  7.552901 	  39.660685051233031 	  34.580134607120826 	 -81.364379619405554 	-106.585899275465309 	-9999.956193457041081 
    1 	  7.608437 	  34.673654798568883 	  28.261327745515484 	 -99.282421929530827 	-121.686920989274824 	-9999.956193457137488 
    1 	  7.663973 	  28.461615827688465 	  20.952525418780692 	-126.751603267886793 	-142.960488169178205 	-9999.956193457141126 
    1 	  7.719509 	  20.132738766028151 	  12.120388923356147 	-181.063212479316093 	-179.151978416257521 	-9999.956193456888286 
    1 	  7.775045 	   4.902738792321141 	  -0.068670524040689 	-551.755803048656503 	-278.349604500955763 	-9999.956193458228881 
    1 	  7.830581 	   9.192348852964173 	  17.776820985459224 	 188.143966388615183 	 210.260048048666135 	-9999.956193456231631 
    1 	  7.886117 	  18.329807104645170 	  27.155439644362655 	 146.347752036182783 	 139.726026401104406 	-9999.956193456513574 
    1 	  7.941653 	  25.775570900229116 	  33.945522136926783 	 123.492258771887222 	 107.799686802137828 	-9999.956193456693654 
    1 	  7.997189 	  32.174378358751980 	  39.342234606944757 	 107.746333581109610 	  87.813454271299193 	-9999.956193456731853 
    1 	  8.052725 	  37.809981395055736 	  43.800932144672110 	  95.664079242331951 	  73.430180562434259 	-9999.956193456806432 
    1 	  8.108261 	  42.840436070281122 	  47.556493264541807 	  85.788021998934994 	  62.228491545567444 	-9999.956193456879191 
    1 	  8.163797 	  47.365444897440121 	  50.749868700595897 	  77.369926958980017 	  53.046238009535202 	-9999.956193456901019 
    1 	  8.219333 	  51.452939860359209 	  53.473826285132091 	  69.975979935921217 	  45.242751270901195 	-9999.956193456984693 
    1 	  8.274869 	  55.151659962414215 	  55.793332966297861 	  63.332408214644275 	  38.429876952074977 	-9999.956193456968322 
    1 	  8.330406 	  58.497852684160186 	  57.755938304846772 	  57.255124614285656 	  32.355612091245078 	-9999.956193456977417 
    1 	  8.385942 	  61.519158604653953 	  59.397586725306610 	  51.613979273591745 	  26.847374838365106 	-9999.956193457002882 
    1 	  8.441478 	  64.237008669971360 	  60.746106776624806 	  46.313042188494087 	  21.781775204552410 	-9999.956193456999245 
    1 	  8.497014 	  66.668175633984617 	  61.823421648428578 	  41.278998757994920 	  17.067352453317564 	-9999.956193457001064 
    1 	  8.552550 	  68.825814951125381 	  62.647009919639238 	  36.453944532665787 	  12.634150284384235 	-9999.956193456988331 
    1 	  8.608086 	  70.720181661128152 	  63.230903397958812 	  31.790699424241264 	   8.427120224011723 	-9999.956193457048357 
    1 	  8.663622 	  72.359132312689397 	  63.586386362952240 	  27.249628294758022 	   4.401774808453712 	-9999.956193457082918 
    1 	  8.719158 	  73.748478153928673 	  63.722494597258070 	  22.796391597286195 	   0.521215857756389 	-9999.956193457053814 
    1 	  8.774694 	  74.892230897442431 	  63.646375238498017 	  18.400281524517816 	  -3.245970595851399 	-9999.956193457061090 
    1 	  8.830230 	  75.792767126164591 	  63.363546332062739 	  14.032927053129029 	  -6.927261420998504 	-9999.956193457088375 
    1 	  8.885766 	  76.450927571142600 	  62.878081247260845 	   9.667223509301012 	 -10.547381237973832 	-9999.956193457081099 
    1 	  8.941302 	  76.866060710369553 	  62.192734232190311 	   5.276382757809040 	 -14.129255212085576 	-9999.956193457088375 
    1 	  8.996838 	  77.036015019311208 	  61.309017305348434 	   0.833020930026990 	 -17.694821941940589 	-9999.956193457141126 
    1 	  9.052374 	  76.957079839713373 	  60.227234212607961 	  -3.691792432973921 	 -21.265777515370701 	-9999.956193457177505 
    1 	  9.107910 	  76.623870523966914 	  58.946473539008814 	  -8.329604864766416 	 -24.864312406268798 	-9999.956193457113841 
    1 	  9.163446 	  76.029148582645547 	  57.464559678767486 	 -13.115869978428670 	 -28.513903019076569 	-9999.956193457141126 
    1 	  9.218982 	  75.163561189962465 	  55.777956708361991 	 -18.091589088897994 	 -32.240229603565993 	-9999.956193457170230 
    1 	  9.274518 	  74.015275389224399 	  53.881615668951248 	 -23.305501563166260 	 -36.072314761364261 	-9999.956193457159316 
    1 	  9.330054 	  72.569468744140707 	  51.768749487862607 	 -28.817127211233359 	 -40.044018364763019 	-9999.956193457146583 
    1 	  9.385590 	  70.807616611060396 	  49.430510370960270 	 -34.701152157112496 	 -44.196098505599394 	-9999.956193457161135 
    1 	  9.441126 	  68.706480411685689 	  46.855529550097231 	 -41.053990414470860 	 -48.579180148777972 	-9999.956193457175686 
    1 	  9.496662 	  66.236639126779195 	  44.029254232879929 	 -48.003997854915625 	 -53.258216987598296 	-9999.956193457301197 
    1 	  9.552198 	  63.360292763082498 	  40.932972481914064 	 -55.728100789120369 	 -58.319503136411626 	-9999.956193457335758 
    1 	  9.607734 	  60.027847047500124 	  37.542334587977344 	 -64.480338008576538 	 -63.882255926717811 	-9999.956193457366680 
    1 	  9.663270 	  56.172333272717289 	  33.825016347010852 	 -74.644126191978330 	 -70.118912928156547 	-9999.956193457352128 
    1 	  9.718806 	  51.699686887613126 	  29.736819355904757 	 -86.836154599435673 	 -77.293390749814009 	-9999.956193457310292 
    1 	  9.774342 	  46.470300042304416 	  25.214673390841263 	-102.136620245996411 	 -85.840322285855564 	-9999.956193457283007 
    1 	  9.829879 	  40.259574110266577 	  20.162766166170265 	-122.683439100682676 	 -96.551530525180382 	-9999.956193457363042 
    1 	  9.885415 	  32.656873463046118 	  14.420785734022681 	-153.609594725787957 	-111.103972071143403 	-9999.956193457399422 
    1 	  9.940951 	  22.710247481537955 	   7.672679069389504 	-212.707938345134806 	-134.051973662200055 	-9999.956193457661357 
    1 	  9.996487 	   5.853880606747510 	  -0.838593332696973 	-536.128489654335226 	-163.150758173046029 	-9999.956193456708206 
    1 	 10.052023 	  12.420662035833182 	  15.012724567479763 	 232.764843034614358 	 167.680109281311218 	-9999.956193455036555 
    1 	 10.107559 	  23.500620638643746 	  22.278131735088920 	 174.714680732639891 	 105.501545824811004 	-9999.956193455071116 
    1 	 10.163095 	  32.309898184403202 	  27.322429572900830 	 144.921447208486626 	  78.805744857270142 	-9999.956193454898312 
    1 	 10.218631 	  39.773774390394486 	  31.216947697610404 	 124.954891065002002 	  62.530605411648295 	-9999.956193454765526 
    1 	 10.274167 	  46.278157154088319 	  34.354423962621091 	 109.889752241945416 	  51.026689287921258 	-9999.956193454729146 
    1 	 10.329703 	  52.032521629695125 	  36.933373668171448 	  97.720667946828954 	  42.190442257749091 	-9999.956193454809181 
    1 	 10.385239 	  57.166940229900199 	  39.071358375234112 	  87.441814568452259 	  35.029296567617997 	-9999.956193454825552 
    1 	 10.440775 	  61.769111314906837 	  40.845033327817688 	  78.479509252704702 	  29.002991994089012 	-9999.956193454816457 
    1 	 10.496311 	  65.901505076546385 	  42.307723814486216 	  70.476239715400638 	  23.787559955374931 	-9999.956193454847380 
    1 	 10.551847 	  69.610360179938382 	  43.498278726080343 	  63.194083726197377 	  19.174521373611690 	-9999.956193454820095 
    1 	 10.607383 	  72.930839272323809 	  44.445982616515742 	  56.466335627165599 	  15.022242518554233 	-9999.956193454834647 
    1 	 10.662919 	  75.890182627284190 	  45.173483690646080 	  50.171130671626337 	  11.230234527609044 	-9999.956193454849199 
    1 	 10.718455 	  78.509735461677096 	  45.698638349381532 	  44.216071754676236 	   7.724585495040099 	-9999.956193454861932 
    1 	 10.773991 	  80.806301608392644 	  46.035724989729417 	  38.528765904876082 	   4.449222433157701 	-9999.956193454787353 
    1 	 10.829527 	  82.793073242966784 	  46.196270973993670 	  33.050719872844198 	   1.360418361162543 	-9999.956193454754612 
    1 	 10.885063 	  84.480281649665585 	  46.189631749942080 	  27.733232672853486 	  -1.576802166044712 	-9999.956193454836466 
    1 	 10.940599 	  85.875656662588824 	  46.023405012932145 	  22.534516731563738 	  -4.391100735054511 	-9999.956193454856475 
    1 	 10.996135 	  86.984749324571510 	  45.703731222502505 	  17.417592299093432 	  -7.106534262234264 	-9999.956193454911045 
    1 	 11.051671 	  87.811152255039715 	  45.235513188151714 	  12.348671787044507 	  -9.743793720255546 	-9999.956193454923778 
